

 Atoms

1 1 1 24.0 7.0 9.0
2 1 1 24.0 7.0 10.0
3 1 1 24.0 7.0 11.0
4 1 1 24.0 7.0 12.0
5 1 1 24.0 7.0 13.0
6 1 1 24.0 7.0 14.0
7 2 1 17.0 19.0 21.0
8 2 1 17.0 20.0 21.0
9 2 1 17.0 21.0 21.0
10 2 1 17.0 22.0 21.0
11 2 1 17.0 23.0 21.0
12 2 1 17.0 24.0 21.0
13 3 1 22.0 14.0 0.0
14 3 1 22.0 14.0 1.0
15 3 1 22.0 14.0 2.0
16 3 1 22.0 14.0 3.0
17 3 1 22.0 14.0 4.0
18 3 1 22.0 14.0 5.0
19 4 1 6.0 26.0 23.0
20 4 1 7.0 26.0 23.0
21 4 1 8.0 26.0 23.0
22 4 1 9.0 26.0 23.0
23 4 1 10.0 26.0 23.0
24 4 1 11.0 26.0 23.0
25 5 1 9.0 5.0 20.0
26 5 1 10.0 5.0 20.0
27 5 1 11.0 5.0 20.0
28 5 1 12.0 5.0 20.0
29 5 1 13.0 5.0 20.0
30 5 1 14.0 5.0 20.0
31 6 1 2.0 8.0 19.0
32 6 1 3.0 8.0 19.0
33 6 1 4.0 8.0 19.0
34 6 1 5.0 8.0 19.0
35 6 1 6.0 8.0 19.0
36 6 1 7.0 8.0 19.0
37 7 1 18.0 9.0 8.0
38 7 1 19.0 9.0 8.0
39 7 1 20.0 9.0 8.0
40 7 1 21.0 9.0 8.0
41 7 1 22.0 9.0 8.0
42 7 1 23.0 9.0 8.0
43 8 1 5.0 16.0 8.0
44 8 1 6.0 16.0 8.0
45 8 1 7.0 16.0 8.0
46 8 1 8.0 16.0 8.0
47 8 1 9.0 16.0 8.0
48 8 1 10.0 16.0 8.0
49 9 1 13.0 12.0 27.0
50 9 1 13.0 13.0 27.0
51 9 1 13.0 14.0 27.0
52 9 1 13.0 15.0 27.0
53 9 1 13.0 16.0 27.0
54 9 1 13.0 17.0 27.0
55 10 1 22.0 26.0 7.0
56 10 1 23.0 26.0 7.0
57 10 1 24.0 26.0 7.0
58 10 1 25.0 26.0 7.0
59 10 1 26.0 26.0 7.0
60 10 1 27.0 26.0 7.0
61 11 1 14.0 9.0 18.0
62 11 1 14.0 9.0 19.0
63 11 1 14.0 9.0 20.0
64 11 1 14.0 9.0 21.0
65 11 1 14.0 9.0 22.0
66 11 1 14.0 9.0 23.0
67 12 1 15.0 20.0 14.0
68 12 1 15.0 20.0 15.0
69 12 1 15.0 20.0 16.0
70 12 1 15.0 20.0 17.0
71 12 1 15.0 20.0 18.0
72 12 1 15.0 20.0 19.0
73 13 1 11.0 20.0 22.0
74 13 1 11.0 21.0 22.0
75 13 1 11.0 22.0 22.0
76 13 1 11.0 23.0 22.0
77 13 1 11.0 24.0 22.0
78 13 1 11.0 25.0 22.0
79 14 1 23.0 13.0 25.0
80 14 1 23.0 14.0 25.0
81 14 1 23.0 15.0 25.0
82 14 1 23.0 16.0 25.0
83 14 1 23.0 17.0 25.0
84 14 1 23.0 18.0 25.0
85 15 1 8.0 28.0 12.0
86 15 1 9.0 28.0 12.0
87 15 1 10.0 28.0 12.0
88 15 1 11.0 28.0 12.0
89 15 1 12.0 28.0 12.0
90 15 1 13.0 28.0 12.0
91 16 1 8.0 12.0 10.0
92 16 1 8.0 13.0 10.0
93 16 1 8.0 14.0 10.0
94 16 1 8.0 15.0 10.0
95 16 1 8.0 16.0 10.0
96 16 1 8.0 17.0 10.0
97 17 1 9.0 7.0 13.0
98 17 1 9.0 8.0 13.0
99 17 1 9.0 9.0 13.0
100 17 1 9.0 10.0 13.0
101 17 1 9.0 11.0 13.0
102 17 1 9.0 12.0 13.0
103 18 1 0.0 4.0 19.0
104 18 1 0.0 4.0 20.0
105 18 1 0.0 4.0 21.0
106 18 1 0.0 4.0 22.0
107 18 1 0.0 4.0 23.0
108 18 1 0.0 4.0 24.0
109 19 1 12.0 27.0 8.0
110 19 1 13.0 27.0 8.0
111 19 1 14.0 27.0 8.0
112 19 1 15.0 27.0 8.0
113 19 1 16.0 27.0 8.0
114 19 1 17.0 27.0 8.0
115 20 1 2.0 29.0 23.0
116 20 1 3.0 29.0 23.0
117 20 1 4.0 29.0 23.0
118 20 1 5.0 29.0 23.0
119 20 1 6.0 29.0 23.0
120 20 1 7.0 29.0 23.0
121 21 1 24.0 15.0 20.0
122 21 1 24.0 15.0 21.0
123 21 1 24.0 15.0 22.0
124 21 1 24.0 15.0 23.0
125 21 1 24.0 15.0 24.0
126 21 1 24.0 15.0 25.0
127 22 1 16.0 26.0 26.0
128 22 1 17.0 26.0 26.0
129 22 1 18.0 26.0 26.0
130 22 1 19.0 26.0 26.0
131 22 1 20.0 26.0 26.0
132 22 1 21.0 26.0 26.0
133 23 1 3.0 14.0 22.0
134 23 1 4.0 14.0 22.0
135 23 1 5.0 14.0 22.0
136 23 1 6.0 14.0 22.0
137 23 1 7.0 14.0 22.0
138 23 1 8.0 14.0 22.0
139 24 1 29.0 10.0 9.0
140 24 1 29.0 11.0 9.0
141 24 1 29.0 12.0 9.0
142 24 1 29.0 13.0 9.0
143 24 1 29.0 14.0 9.0
144 24 1 29.0 15.0 9.0
145 25 1 7.0 8.0 9.0
146 25 1 8.0 8.0 9.0
147 25 1 9.0 8.0 9.0
148 25 1 10.0 8.0 9.0
149 25 1 11.0 8.0 9.0
150 25 1 12.0 8.0 9.0
151 26 1 3.0 22.0 5.0
152 26 1 4.0 22.0 5.0
153 26 1 5.0 22.0 5.0
154 26 1 6.0 22.0 5.0
155 26 1 7.0 22.0 5.0
156 26 1 8.0 22.0 5.0
157 27 1 29.0 19.0 14.0
158 27 1 29.0 20.0 14.0
159 27 1 29.0 21.0 14.0
160 27 1 29.0 22.0 14.0
161 27 1 29.0 23.0 14.0
162 27 1 29.0 24.0 14.0
163 28 1 2.0 15.0 5.0
164 28 1 3.0 15.0 5.0
165 28 1 4.0 15.0 5.0
166 28 1 5.0 15.0 5.0
167 28 1 6.0 15.0 5.0
168 28 1 7.0 15.0 5.0
169 29 1 10.0 11.0 3.0
170 29 1 10.0 12.0 3.0
171 29 1 10.0 13.0 3.0
172 29 1 10.0 14.0 3.0
173 29 1 10.0 15.0 3.0
174 29 1 10.0 16.0 3.0
175 30 1 10.0 17.0 2.0
176 30 1 10.0 18.0 2.0
177 30 1 10.0 19.0 2.0
178 30 1 10.0 20.0 2.0
179 30 1 10.0 21.0 2.0
180 30 1 10.0 22.0 2.0
181 31 1 27.0 14.0 9.0
182 31 1 27.0 14.0 10.0
183 31 1 27.0 14.0 11.0
184 31 1 27.0 14.0 12.0
185 31 1 27.0 14.0 13.0
186 31 1 27.0 14.0 14.0
187 32 1 4.0 0.0 5.0
188 32 1 5.0 0.0 5.0
189 32 1 6.0 0.0 5.0
190 32 1 7.0 0.0 5.0
191 32 1 8.0 0.0 5.0
192 32 1 9.0 0.0 5.0
193 33 1 6.0 13.0 26.0
194 33 1 6.0 14.0 26.0
195 33 1 6.0 15.0 26.0
196 33 1 6.0 16.0 26.0
197 33 1 6.0 17.0 26.0
198 33 1 6.0 18.0 26.0
199 34 1 26.0 22.0 12.0
200 34 1 26.0 23.0 12.0
201 34 1 26.0 24.0 12.0
202 34 1 26.0 25.0 12.0
203 34 1 26.0 26.0 12.0
204 34 1 26.0 27.0 12.0
205 35 1 18.0 19.0 11.0
206 35 1 19.0 19.0 11.0
207 35 1 20.0 19.0 11.0
208 35 1 21.0 19.0 11.0
209 35 1 22.0 19.0 11.0
210 35 1 23.0 19.0 11.0
211 36 1 17.0 26.0 21.0
212 36 1 18.0 26.0 21.0
213 36 1 19.0 26.0 21.0
214 36 1 20.0 26.0 21.0
215 36 1 21.0 26.0 21.0
216 36 1 22.0 26.0 21.0
217 37 1 3.0 21.0 7.0
218 37 1 4.0 21.0 7.0
219 37 1 5.0 21.0 7.0
220 37 1 6.0 21.0 7.0
221 37 1 7.0 21.0 7.0
222 37 1 8.0 21.0 7.0
223 38 1 28.0 27.0 6.0
224 38 1 28.0 27.0 7.0
225 38 1 28.0 27.0 8.0
226 38 1 28.0 27.0 9.0
227 38 1 28.0 27.0 10.0
228 38 1 28.0 27.0 11.0
229 39 1 15.0 9.0 19.0
230 39 1 15.0 9.0 20.0
231 39 1 15.0 9.0 21.0
232 39 1 15.0 9.0 22.0
233 39 1 15.0 9.0 23.0
234 39 1 15.0 9.0 24.0
235 40 1 14.0 23.0 8.0
236 40 1 14.0 23.0 9.0
237 40 1 14.0 23.0 10.0
238 40 1 14.0 23.0 11.0
239 40 1 14.0 23.0 12.0
240 40 1 14.0 23.0 13.0
241 41 1 0.0 29.0 4.0
242 41 1 1.0 29.0 4.0
243 41 1 2.0 29.0 4.0
244 41 1 3.0 29.0 4.0
245 41 1 4.0 29.0 4.0
246 41 1 5.0 29.0 4.0
247 42 1 9.0 24.0 14.0
248 42 1 9.0 24.0 15.0
249 42 1 9.0 24.0 16.0
250 42 1 9.0 24.0 17.0
251 42 1 9.0 24.0 18.0
252 42 1 9.0 24.0 19.0
253 43 1 26.0 17.0 28.0
254 43 1 26.0 18.0 28.0
255 43 1 26.0 19.0 28.0
256 43 1 26.0 20.0 28.0
257 43 1 26.0 21.0 28.0
258 43 1 26.0 22.0 28.0
259 44 1 7.0 6.0 23.0
260 44 1 7.0 6.0 24.0
261 44 1 7.0 6.0 25.0
262 44 1 7.0 6.0 26.0
263 44 1 7.0 6.0 27.0
264 44 1 7.0 6.0 28.0
265 45 1 22.0 1.0 9.0
266 45 1 22.0 1.0 10.0
267 45 1 22.0 1.0 11.0
268 45 1 22.0 1.0 12.0
269 45 1 22.0 1.0 13.0
270 45 1 22.0 1.0 14.0
271 46 1 26.0 1.0 15.0
272 46 1 26.0 2.0 15.0
273 46 1 26.0 3.0 15.0
274 46 1 26.0 4.0 15.0
275 46 1 26.0 5.0 15.0
276 46 1 26.0 6.0 15.0
277 47 1 22.0 10.0 10.0
278 47 1 22.0 10.0 11.0
279 47 1 22.0 10.0 12.0
280 47 1 22.0 10.0 13.0
281 47 1 22.0 10.0 14.0
282 47 1 22.0 10.0 15.0
283 48 1 24.0 20.0 0.0
284 48 1 24.0 21.0 0.0
285 48 1 24.0 22.0 0.0
286 48 1 24.0 23.0 0.0
287 48 1 24.0 24.0 0.0
288 48 1 24.0 25.0 0.0
289 49 1 20.0 16.0 21.0
290 49 1 20.0 16.0 22.0
291 49 1 20.0 16.0 23.0
292 49 1 20.0 16.0 24.0
293 49 1 20.0 16.0 25.0
294 49 1 20.0 16.0 26.0
295 50 1 9.0 25.0 0.0
296 50 1 10.0 25.0 0.0
297 50 1 11.0 25.0 0.0
298 50 1 12.0 25.0 0.0
299 50 1 13.0 25.0 0.0
300 50 1 14.0 25.0 0.0
301 51 1 12.0 16.0 19.0
302 51 1 12.0 16.0 20.0
303 51 1 12.0 16.0 21.0
304 51 1 12.0 16.0 22.0
305 51 1 12.0 16.0 23.0
306 51 1 12.0 16.0 24.0
307 52 1 14.0 1.0 13.0
308 52 1 14.0 2.0 13.0
309 52 1 14.0 3.0 13.0
310 52 1 14.0 4.0 13.0
311 52 1 14.0 5.0 13.0
312 52 1 14.0 6.0 13.0
313 53 1 18.0 4.0 10.0
314 53 1 18.0 4.0 11.0
315 53 1 18.0 4.0 12.0
316 53 1 18.0 4.0 13.0
317 53 1 18.0 4.0 14.0
318 53 1 18.0 4.0 15.0
319 54 1 7.0 22.0 13.0
320 54 1 7.0 22.0 14.0
321 54 1 7.0 22.0 15.0
322 54 1 7.0 22.0 16.0
323 54 1 7.0 22.0 17.0
324 54 1 7.0 22.0 18.0
325 55 1 5.0 4.0 23.0
326 55 1 5.0 4.0 24.0
327 55 1 5.0 4.0 25.0
328 55 1 5.0 4.0 26.0
329 55 1 5.0 4.0 27.0
330 55 1 5.0 4.0 28.0
331 56 1 3.0 29.0 10.0
332 56 1 3.0 29.0 11.0
333 56 1 3.0 29.0 12.0
334 56 1 3.0 29.0 13.0
335 56 1 3.0 29.0 14.0
336 56 1 3.0 29.0 15.0
337 57 1 10.0 14.0 27.0
338 57 1 10.0 15.0 27.0
339 57 1 10.0 16.0 27.0
340 57 1 10.0 17.0 27.0
341 57 1 10.0 18.0 27.0
342 57 1 10.0 19.0 27.0
343 58 1 27.0 18.0 1.0
344 58 1 27.0 18.0 2.0
345 58 1 27.0 18.0 3.0
346 58 1 27.0 18.0 4.0
347 58 1 27.0 18.0 5.0
348 58 1 27.0 18.0 6.0
349 59 1 16.0 19.0 3.0
350 59 1 16.0 20.0 3.0
351 59 1 16.0 21.0 3.0
352 59 1 16.0 22.0 3.0
353 59 1 16.0 23.0 3.0
354 59 1 16.0 24.0 3.0
355 60 1 22.0 2.0 16.0
356 60 1 22.0 2.0 17.0
357 60 1 22.0 2.0 18.0
358 60 1 22.0 2.0 19.0
359 60 1 22.0 2.0 20.0
360 60 1 22.0 2.0 21.0
361 61 1 29.0 4.0 29.0
362 61 1 29.0 5.0 29.0
363 61 1 29.0 6.0 29.0
364 61 1 29.0 7.0 29.0
365 61 1 29.0 8.0 29.0
366 61 1 29.0 9.0 29.0
367 62 1 17.0 0.0 12.0
368 62 1 17.0 0.0 13.0
369 62 1 17.0 0.0 14.0
370 62 1 17.0 0.0 15.0
371 62 1 17.0 0.0 16.0
372 62 1 17.0 0.0 17.0
373 63 1 29.0 9.0 1.0
374 63 1 29.0 10.0 1.0
375 63 1 29.0 11.0 1.0
376 63 1 29.0 12.0 1.0
377 63 1 29.0 13.0 1.0
378 63 1 29.0 14.0 1.0
379 64 1 7.0 18.0 22.0
380 64 1 7.0 18.0 23.0
381 64 1 7.0 18.0 24.0
382 64 1 7.0 18.0 25.0
383 64 1 7.0 18.0 26.0
384 64 1 7.0 18.0 27.0
385 65 1 6.0 24.0 8.0
386 65 1 6.0 24.0 9.0
387 65 1 6.0 24.0 10.0
388 65 1 6.0 24.0 11.0
389 65 1 6.0 24.0 12.0
390 65 1 6.0 24.0 13.0
391 66 1 6.0 16.0 7.0
392 66 1 7.0 16.0 7.0
393 66 1 8.0 16.0 7.0
394 66 1 9.0 16.0 7.0
395 66 1 10.0 16.0 7.0
396 66 1 11.0 16.0 7.0
397 67 1 19.0 8.0 17.0
398 67 1 20.0 8.0 17.0
399 67 1 21.0 8.0 17.0
400 67 1 22.0 8.0 17.0
401 67 1 23.0 8.0 17.0
402 67 1 24.0 8.0 17.0
403 68 1 23.0 19.0 2.0
404 68 1 23.0 20.0 2.0
405 68 1 23.0 21.0 2.0
406 68 1 23.0 22.0 2.0
407 68 1 23.0 23.0 2.0
408 68 1 23.0 24.0 2.0
409 69 1 17.0 14.0 13.0
410 69 1 18.0 14.0 13.0
411 69 1 19.0 14.0 13.0
412 69 1 20.0 14.0 13.0
413 69 1 21.0 14.0 13.0
414 69 1 22.0 14.0 13.0
415 70 1 16.0 24.0 11.0
416 70 1 17.0 24.0 11.0
417 70 1 18.0 24.0 11.0
418 70 1 19.0 24.0 11.0
419 70 1 20.0 24.0 11.0
420 70 1 21.0 24.0 11.0
421 71 1 2.0 4.0 4.0
422 71 1 2.0 4.0 5.0
423 71 1 2.0 4.0 6.0
424 71 1 2.0 4.0 7.0
425 71 1 2.0 4.0 8.0
426 71 1 2.0 4.0 9.0
427 72 1 5.0 12.0 5.0
428 72 1 5.0 12.0 6.0
429 72 1 5.0 12.0 7.0
430 72 1 5.0 12.0 8.0
431 72 1 5.0 12.0 9.0
432 72 1 5.0 12.0 10.0
433 73 1 16.0 27.0 2.0
434 73 1 16.0 27.0 3.0
435 73 1 16.0 27.0 4.0
436 73 1 16.0 27.0 5.0
437 73 1 16.0 27.0 6.0
438 73 1 16.0 27.0 7.0
439 74 1 8.0 6.0 6.0
440 74 1 8.0 6.0 7.0
441 74 1 8.0 6.0 8.0
442 74 1 8.0 6.0 9.0
443 74 1 8.0 6.0 10.0
444 74 1 8.0 6.0 11.0
445 75 1 8.0 2.0 6.0
446 75 1 8.0 2.0 7.0
447 75 1 8.0 2.0 8.0
448 75 1 8.0 2.0 9.0
449 75 1 8.0 2.0 10.0
450 75 1 8.0 2.0 11.0
451 76 1 19.0 27.0 6.0
452 76 1 19.0 27.0 7.0
453 76 1 19.0 27.0 8.0
454 76 1 19.0 27.0 9.0
455 76 1 19.0 27.0 10.0
456 76 1 19.0 27.0 11.0
457 77 1 16.0 18.0 25.0
458 77 1 16.0 19.0 25.0
459 77 1 16.0 20.0 25.0
460 77 1 16.0 21.0 25.0
461 77 1 16.0 22.0 25.0
462 77 1 16.0 23.0 25.0
463 78 1 11.0 13.0 12.0
464 78 1 12.0 13.0 12.0
465 78 1 13.0 13.0 12.0
466 78 1 14.0 13.0 12.0
467 78 1 15.0 13.0 12.0
468 78 1 16.0 13.0 12.0
469 79 1 19.0 22.0 13.0
470 79 1 19.0 23.0 13.0
471 79 1 19.0 24.0 13.0
472 79 1 19.0 25.0 13.0
473 79 1 19.0 26.0 13.0
474 79 1 19.0 27.0 13.0
475 80 1 19.0 9.0 20.0
476 80 1 19.0 10.0 20.0
477 80 1 19.0 11.0 20.0
478 80 1 19.0 12.0 20.0
479 80 1 19.0 13.0 20.0
480 80 1 19.0 14.0 20.0
481 81 1 23.0 29.0 20.0
482 81 1 23.0 29.0 21.0
483 81 1 23.0 29.0 22.0
484 81 1 23.0 29.0 23.0
485 81 1 23.0 29.0 24.0
486 81 1 23.0 29.0 25.0
487 82 1 28.0 14.0 1.0
488 82 1 28.0 14.0 2.0
489 82 1 28.0 14.0 3.0
490 82 1 28.0 14.0 4.0
491 82 1 28.0 14.0 5.0
492 82 1 28.0 14.0 6.0
493 83 1 20.0 1.0 3.0
494 83 1 21.0 1.0 3.0
495 83 1 22.0 1.0 3.0
496 83 1 23.0 1.0 3.0
497 83 1 24.0 1.0 3.0
498 83 1 25.0 1.0 3.0
499 84 1 2.0 0.0 15.0
500 84 1 2.0 1.0 15.0
501 84 1 2.0 2.0 15.0
502 84 1 2.0 3.0 15.0
503 84 1 2.0 4.0 15.0
504 84 1 2.0 5.0 15.0
505 85 1 19.0 10.0 27.0
506 85 1 19.0 11.0 27.0
507 85 1 19.0 12.0 27.0
508 85 1 19.0 13.0 27.0
509 85 1 19.0 14.0 27.0
510 85 1 19.0 15.0 27.0
511 86 1 5.0 11.0 1.0
512 86 1 6.0 11.0 1.0
513 86 1 7.0 11.0 1.0
514 86 1 8.0 11.0 1.0
515 86 1 9.0 11.0 1.0
516 86 1 10.0 11.0 1.0
517 87 1 4.0 18.0 3.0
518 87 1 4.0 18.0 4.0
519 87 1 4.0 18.0 5.0
520 87 1 4.0 18.0 6.0
521 87 1 4.0 18.0 7.0
522 87 1 4.0 18.0 8.0
523 88 1 24.0 5.0 7.0
524 88 1 24.0 6.0 7.0
525 88 1 24.0 7.0 7.0
526 88 1 24.0 8.0 7.0
527 88 1 24.0 9.0 7.0
528 88 1 24.0 10.0 7.0
529 89 1 13.0 10.0 17.0
530 89 1 14.0 10.0 17.0
531 89 1 15.0 10.0 17.0
532 89 1 16.0 10.0 17.0
533 89 1 17.0 10.0 17.0
534 89 1 18.0 10.0 17.0
535 90 1 29.0 2.0 1.0
536 90 1 29.0 3.0 1.0
537 90 1 29.0 4.0 1.0
538 90 1 29.0 5.0 1.0
539 90 1 29.0 6.0 1.0
540 90 1 29.0 7.0 1.0
541 91 1 23.0 12.0 13.0
542 91 1 24.0 12.0 13.0
543 91 1 25.0 12.0 13.0
544 91 1 26.0 12.0 13.0
545 91 1 27.0 12.0 13.0
546 91 1 28.0 12.0 13.0
547 92 1 6.0 16.0 1.0
548 92 1 6.0 17.0 1.0
549 92 1 6.0 18.0 1.0
550 92 1 6.0 19.0 1.0
551 92 1 6.0 20.0 1.0
552 92 1 6.0 21.0 1.0
553 93 1 12.0 8.0 0.0
554 93 1 12.0 8.0 1.0
555 93 1 12.0 8.0 2.0
556 93 1 12.0 8.0 3.0
557 93 1 12.0 8.0 4.0
558 93 1 12.0 8.0 5.0
559 94 1 24.0 22.0 21.0
560 94 1 24.0 22.0 22.0
561 94 1 24.0 22.0 23.0
562 94 1 24.0 22.0 24.0
563 94 1 24.0 22.0 25.0
564 94 1 24.0 22.0 26.0
565 95 1 3.0 3.0 9.0
566 95 1 3.0 4.0 9.0
567 95 1 3.0 5.0 9.0
568 95 1 3.0 6.0 9.0
569 95 1 3.0 7.0 9.0
570 95 1 3.0 8.0 9.0
571 96 1 3.0 25.0 14.0
572 96 1 4.0 25.0 14.0
573 96 1 5.0 25.0 14.0
574 96 1 6.0 25.0 14.0
575 96 1 7.0 25.0 14.0
576 96 1 8.0 25.0 14.0
577 97 1 13.0 14.0 3.0
578 97 1 14.0 14.0 3.0
579 97 1 15.0 14.0 3.0
580 97 1 16.0 14.0 3.0
581 97 1 17.0 14.0 3.0
582 97 1 18.0 14.0 3.0
583 98 1 17.0 27.0 14.0
584 98 1 17.0 27.0 15.0
585 98 1 17.0 27.0 16.0
586 98 1 17.0 27.0 17.0
587 98 1 17.0 27.0 18.0
588 98 1 17.0 27.0 19.0
589 99 1 1.0 15.0 14.0
590 99 1 1.0 15.0 15.0
591 99 1 1.0 15.0 16.0
592 99 1 1.0 15.0 17.0
593 99 1 1.0 15.0 18.0
594 99 1 1.0 15.0 19.0
595 100 1 3.0 5.0 2.0
596 100 1 4.0 5.0 2.0
597 100 1 5.0 5.0 2.0
598 100 1 6.0 5.0 2.0
599 100 1 7.0 5.0 2.0
600 100 1 8.0 5.0 2.0
601 101 1 6.0 14.0 23.0
602 101 1 7.0 14.0 23.0
603 101 1 8.0 14.0 23.0
604 101 1 9.0 14.0 23.0
605 101 1 10.0 14.0 23.0
606 101 1 11.0 14.0 23.0
607 102 1 9.0 25.0 13.0
608 102 1 10.0 25.0 13.0
609 102 1 11.0 25.0 13.0
610 102 1 12.0 25.0 13.0
611 102 1 13.0 25.0 13.0
612 102 1 14.0 25.0 13.0
613 103 1 11.0 19.0 9.0
614 103 1 12.0 19.0 9.0
615 103 1 13.0 19.0 9.0
616 103 1 14.0 19.0 9.0
617 103 1 15.0 19.0 9.0
618 103 1 16.0 19.0 9.0
619 104 1 5.0 19.0 5.0
620 104 1 5.0 19.0 6.0
621 104 1 5.0 19.0 7.0
622 104 1 5.0 19.0 8.0
623 104 1 5.0 19.0 9.0
624 104 1 5.0 19.0 10.0
625 105 1 2.0 6.0 1.0
626 105 1 3.0 6.0 1.0
627 105 1 4.0 6.0 1.0
628 105 1 5.0 6.0 1.0
629 105 1 6.0 6.0 1.0
630 105 1 7.0 6.0 1.0
631 106 1 3.0 15.0 12.0
632 106 1 4.0 15.0 12.0
633 106 1 5.0 15.0 12.0
634 106 1 6.0 15.0 12.0
635 106 1 7.0 15.0 12.0
636 106 1 8.0 15.0 12.0
637 107 1 22.0 14.0 10.0
638 107 1 22.0 15.0 10.0
639 107 1 22.0 16.0 10.0
640 107 1 22.0 17.0 10.0
641 107 1 22.0 18.0 10.0
642 107 1 22.0 19.0 10.0
643 108 1 18.0 24.0 23.0
644 108 1 18.0 24.0 24.0
645 108 1 18.0 24.0 25.0
646 108 1 18.0 24.0 26.0
647 108 1 18.0 24.0 27.0
648 108 1 18.0 24.0 28.0
649 109 1 14.0 25.0 6.0
650 109 1 15.0 25.0 6.0
651 109 1 16.0 25.0 6.0
652 109 1 17.0 25.0 6.0
653 109 1 18.0 25.0 6.0
654 109 1 19.0 25.0 6.0
655 110 1 10.0 12.0 29.0
656 110 1 11.0 12.0 29.0
657 110 1 12.0 12.0 29.0
658 110 1 13.0 12.0 29.0
659 110 1 14.0 12.0 29.0
660 110 1 15.0 12.0 29.0
661 111 1 4.0 26.0 17.0
662 111 1 4.0 26.0 18.0
663 111 1 4.0 26.0 19.0
664 111 1 4.0 26.0 20.0
665 111 1 4.0 26.0 21.0
666 111 1 4.0 26.0 22.0
667 112 1 4.0 6.0 21.0
668 112 1 4.0 6.0 22.0
669 112 1 4.0 6.0 23.0
670 112 1 4.0 6.0 24.0
671 112 1 4.0 6.0 25.0
672 112 1 4.0 6.0 26.0
673 113 1 26.0 16.0 22.0
674 113 1 26.0 17.0 22.0
675 113 1 26.0 18.0 22.0
676 113 1 26.0 19.0 22.0
677 113 1 26.0 20.0 22.0
678 113 1 26.0 21.0 22.0
679 114 1 25.0 2.0 22.0
680 114 1 25.0 3.0 22.0
681 114 1 25.0 4.0 22.0
682 114 1 25.0 5.0 22.0
683 114 1 25.0 6.0 22.0
684 114 1 25.0 7.0 22.0
685 115 1 20.0 8.0 1.0
686 115 1 20.0 9.0 1.0
687 115 1 20.0 10.0 1.0
688 115 1 20.0 11.0 1.0
689 115 1 20.0 12.0 1.0
690 115 1 20.0 13.0 1.0
691 116 1 19.0 17.0 16.0
692 116 1 20.0 17.0 16.0
693 116 1 21.0 17.0 16.0
694 116 1 22.0 17.0 16.0
695 116 1 23.0 17.0 16.0
696 116 1 24.0 17.0 16.0
697 117 1 17.0 13.0 0.0
698 117 1 17.0 14.0 0.0
699 117 1 17.0 15.0 0.0
700 117 1 17.0 16.0 0.0
701 117 1 17.0 17.0 0.0
702 117 1 17.0 18.0 0.0
703 118 1 9.0 15.0 11.0
704 118 1 9.0 15.0 12.0
705 118 1 9.0 15.0 13.0
706 118 1 9.0 15.0 14.0
707 118 1 9.0 15.0 15.0
708 118 1 9.0 15.0 16.0
709 119 1 23.0 15.0 12.0
710 119 1 23.0 16.0 12.0
711 119 1 23.0 17.0 12.0
712 119 1 23.0 18.0 12.0
713 119 1 23.0 19.0 12.0
714 119 1 23.0 20.0 12.0
715 120 1 6.0 3.0 3.0
716 120 1 6.0 4.0 3.0
717 120 1 6.0 5.0 3.0
718 120 1 6.0 6.0 3.0
719 120 1 6.0 7.0 3.0
720 120 1 6.0 8.0 3.0
721 121 1 17.0 19.0 0.0
722 121 1 17.0 20.0 0.0
723 121 1 17.0 21.0 0.0
724 121 1 17.0 22.0 0.0
725 121 1 17.0 23.0 0.0
726 121 1 17.0 24.0 0.0
727 122 1 18.0 5.0 13.0
728 122 1 19.0 5.0 13.0
729 122 1 20.0 5.0 13.0
730 122 1 21.0 5.0 13.0
731 122 1 22.0 5.0 13.0
732 122 1 23.0 5.0 13.0
733 123 1 12.0 14.0 15.0
734 123 1 12.0 15.0 15.0
735 123 1 12.0 16.0 15.0
736 123 1 12.0 17.0 15.0
737 123 1 12.0 18.0 15.0
738 123 1 12.0 19.0 15.0
739 124 1 24.0 18.0 20.0
740 124 1 24.0 18.0 21.0
741 124 1 24.0 18.0 22.0
742 124 1 24.0 18.0 23.0
743 124 1 24.0 18.0 24.0
744 124 1 24.0 18.0 25.0
745 125 1 3.0 22.0 27.0
746 125 1 3.0 23.0 27.0
747 125 1 3.0 24.0 27.0
748 125 1 3.0 25.0 27.0
749 125 1 3.0 26.0 27.0
750 125 1 3.0 27.0 27.0
751 126 1 0.0 21.0 16.0
752 126 1 0.0 21.0 17.0
753 126 1 0.0 21.0 18.0
754 126 1 0.0 21.0 19.0
755 126 1 0.0 21.0 20.0
756 126 1 0.0 21.0 21.0
757 127 1 27.0 1.0 5.0
758 127 1 27.0 1.0 6.0
759 127 1 27.0 1.0 7.0
760 127 1 27.0 1.0 8.0
761 127 1 27.0 1.0 9.0
762 127 1 27.0 1.0 10.0
763 128 1 6.0 7.0 26.0
764 128 1 6.0 8.0 26.0
765 128 1 6.0 9.0 26.0
766 128 1 6.0 10.0 26.0
767 128 1 6.0 11.0 26.0
768 128 1 6.0 12.0 26.0
769 129 1 8.0 18.0 23.0
770 129 1 8.0 18.0 24.0
771 129 1 8.0 18.0 25.0
772 129 1 8.0 18.0 26.0
773 129 1 8.0 18.0 27.0
774 129 1 8.0 18.0 28.0
775 130 1 15.0 3.0 20.0
776 130 1 16.0 3.0 20.0
777 130 1 17.0 3.0 20.0
778 130 1 18.0 3.0 20.0
779 130 1 19.0 3.0 20.0
780 130 1 20.0 3.0 20.0
781 131 1 9.0 18.0 9.0
782 131 1 9.0 18.0 10.0
783 131 1 9.0 18.0 11.0
784 131 1 9.0 18.0 12.0
785 131 1 9.0 18.0 13.0
786 131 1 9.0 18.0 14.0
787 132 1 15.0 17.0 28.0
788 132 1 15.0 18.0 28.0
789 132 1 15.0 19.0 28.0
790 132 1 15.0 20.0 28.0
791 132 1 15.0 21.0 28.0
792 132 1 15.0 22.0 28.0
793 133 1 6.0 16.0 15.0
794 133 1 6.0 17.0 15.0
795 133 1 6.0 18.0 15.0
796 133 1 6.0 19.0 15.0
797 133 1 6.0 20.0 15.0
798 133 1 6.0 21.0 15.0
799 134 1 22.0 13.0 11.0
800 134 1 22.0 14.0 11.0
801 134 1 22.0 15.0 11.0
802 134 1 22.0 16.0 11.0
803 134 1 22.0 17.0 11.0
804 134 1 22.0 18.0 11.0
805 135 1 13.0 7.0 1.0
806 135 1 13.0 8.0 1.0
807 135 1 13.0 9.0 1.0
808 135 1 13.0 10.0 1.0
809 135 1 13.0 11.0 1.0
810 135 1 13.0 12.0 1.0
811 136 1 26.0 10.0 9.0
812 136 1 26.0 11.0 9.0
813 136 1 26.0 12.0 9.0
814 136 1 26.0 13.0 9.0
815 136 1 26.0 14.0 9.0
816 136 1 26.0 15.0 9.0
817 137 1 16.0 25.0 22.0
818 137 1 17.0 25.0 22.0
819 137 1 18.0 25.0 22.0
820 137 1 19.0 25.0 22.0
821 137 1 20.0 25.0 22.0
822 137 1 21.0 25.0 22.0
823 138 1 5.0 4.0 1.0
824 138 1 6.0 4.0 1.0
825 138 1 7.0 4.0 1.0
826 138 1 8.0 4.0 1.0
827 138 1 9.0 4.0 1.0
828 138 1 10.0 4.0 1.0
829 139 1 23.0 7.0 19.0
830 139 1 24.0 7.0 19.0
831 139 1 25.0 7.0 19.0
832 139 1 26.0 7.0 19.0
833 139 1 27.0 7.0 19.0
834 139 1 28.0 7.0 19.0
835 140 1 9.0 1.0 22.0
836 140 1 9.0 2.0 22.0
837 140 1 9.0 3.0 22.0
838 140 1 9.0 4.0 22.0
839 140 1 9.0 5.0 22.0
840 140 1 9.0 6.0 22.0
841 141 1 17.0 2.0 27.0
842 141 1 18.0 2.0 27.0
843 141 1 19.0 2.0 27.0
844 141 1 20.0 2.0 27.0
845 141 1 21.0 2.0 27.0
846 141 1 22.0 2.0 27.0
847 142 1 29.0 17.0 11.0
848 142 1 29.0 18.0 11.0
849 142 1 29.0 19.0 11.0
850 142 1 29.0 20.0 11.0
851 142 1 29.0 21.0 11.0
852 142 1 29.0 22.0 11.0
853 143 1 23.0 20.0 24.0
854 143 1 24.0 20.0 24.0
855 143 1 25.0 20.0 24.0
856 143 1 26.0 20.0 24.0
857 143 1 27.0 20.0 24.0
858 143 1 28.0 20.0 24.0
859 144 1 9.0 29.0 19.0
860 144 1 10.0 29.0 19.0
861 144 1 11.0 29.0 19.0
862 144 1 12.0 29.0 19.0
863 144 1 13.0 29.0 19.0
864 144 1 14.0 29.0 19.0
865 145 1 21.0 1.0 25.0
866 145 1 22.0 1.0 25.0
867 145 1 23.0 1.0 25.0
868 145 1 24.0 1.0 25.0
869 145 1 25.0 1.0 25.0
870 145 1 26.0 1.0 25.0
871 146 1 26.0 7.0 20.0
872 146 1 26.0 7.0 21.0
873 146 1 26.0 7.0 22.0
874 146 1 26.0 7.0 23.0
875 146 1 26.0 7.0 24.0
876 146 1 26.0 7.0 25.0
877 147 1 16.0 10.0 18.0
878 147 1 16.0 11.0 18.0
879 147 1 16.0 12.0 18.0
880 147 1 16.0 13.0 18.0
881 147 1 16.0 14.0 18.0
882 147 1 16.0 15.0 18.0
883 148 1 10.0 20.0 1.0
884 148 1 10.0 21.0 1.0
885 148 1 10.0 22.0 1.0
886 148 1 10.0 23.0 1.0
887 148 1 10.0 24.0 1.0
888 148 1 10.0 25.0 1.0
889 149 1 1.0 17.0 23.0
890 149 1 1.0 18.0 23.0
891 149 1 1.0 19.0 23.0
892 149 1 1.0 20.0 23.0
893 149 1 1.0 21.0 23.0
894 149 1 1.0 22.0 23.0
895 150 1 23.0 24.0 8.0
896 150 1 23.0 24.0 9.0
897 150 1 23.0 24.0 10.0
898 150 1 23.0 24.0 11.0
899 150 1 23.0 24.0 12.0
900 150 1 23.0 24.0 13.0
901 151 1 12.0 8.0 14.0
902 151 1 12.0 9.0 14.0
903 151 1 12.0 10.0 14.0
904 151 1 12.0 11.0 14.0
905 151 1 12.0 12.0 14.0
906 151 1 12.0 13.0 14.0
907 152 1 22.0 28.0 19.0
908 152 1 22.0 28.0 20.0
909 152 1 22.0 28.0 21.0
910 152 1 22.0 28.0 22.0
911 152 1 22.0 28.0 23.0
912 152 1 22.0 28.0 24.0
913 153 1 11.0 17.0 10.0
914 153 1 11.0 18.0 10.0
915 153 1 11.0 19.0 10.0
916 153 1 11.0 20.0 10.0
917 153 1 11.0 21.0 10.0
918 153 1 11.0 22.0 10.0
919 154 1 10.0 15.0 19.0
920 154 1 11.0 15.0 19.0
921 154 1 12.0 15.0 19.0
922 154 1 13.0 15.0 19.0
923 154 1 14.0 15.0 19.0
924 154 1 15.0 15.0 19.0
925 155 1 9.0 23.0 5.0
926 155 1 9.0 24.0 5.0
927 155 1 9.0 25.0 5.0
928 155 1 9.0 26.0 5.0
929 155 1 9.0 27.0 5.0
930 155 1 9.0 28.0 5.0
931 156 1 8.0 0.0 4.0
932 156 1 9.0 0.0 4.0
933 156 1 10.0 0.0 4.0
934 156 1 11.0 0.0 4.0
935 156 1 12.0 0.0 4.0
936 156 1 13.0 0.0 4.0
937 157 1 1.0 14.0 18.0
938 157 1 2.0 14.0 18.0
939 157 1 3.0 14.0 18.0
940 157 1 4.0 14.0 18.0
941 157 1 5.0 14.0 18.0
942 157 1 6.0 14.0 18.0
943 158 1 0.0 19.0 2.0
944 158 1 0.0 19.0 3.0
945 158 1 0.0 19.0 4.0
946 158 1 0.0 19.0 5.0
947 158 1 0.0 19.0 6.0
948 158 1 0.0 19.0 7.0
949 159 1 20.0 23.0 21.0
950 159 1 20.0 23.0 22.0
951 159 1 20.0 23.0 23.0
952 159 1 20.0 23.0 24.0
953 159 1 20.0 23.0 25.0
954 159 1 20.0 23.0 26.0
955 160 1 24.0 8.0 12.0
956 160 1 24.0 9.0 12.0
957 160 1 24.0 10.0 12.0
958 160 1 24.0 11.0 12.0
959 160 1 24.0 12.0 12.0
960 160 1 24.0 13.0 12.0
961 161 1 17.0 9.0 4.0
962 161 1 18.0 9.0 4.0
963 161 1 19.0 9.0 4.0
964 161 1 20.0 9.0 4.0
965 161 1 21.0 9.0 4.0
966 161 1 22.0 9.0 4.0
967 162 1 12.0 22.0 12.0
968 162 1 12.0 22.0 13.0
969 162 1 12.0 22.0 14.0
970 162 1 12.0 22.0 15.0
971 162 1 12.0 22.0 16.0
972 162 1 12.0 22.0 17.0
973 163 1 26.0 8.0 20.0
974 163 1 26.0 8.0 21.0
975 163 1 26.0 8.0 22.0
976 163 1 26.0 8.0 23.0
977 163 1 26.0 8.0 24.0
978 163 1 26.0 8.0 25.0
979 164 1 28.0 14.0 10.0
980 164 1 28.0 15.0 10.0
981 164 1 28.0 16.0 10.0
982 164 1 28.0 17.0 10.0
983 164 1 28.0 18.0 10.0
984 164 1 28.0 19.0 10.0
985 165 1 17.0 13.0 19.0
986 165 1 17.0 14.0 19.0
987 165 1 17.0 15.0 19.0
988 165 1 17.0 16.0 19.0
989 165 1 17.0 17.0 19.0
990 165 1 17.0 18.0 19.0
991 166 1 19.0 8.0 22.0
992 166 1 20.0 8.0 22.0
993 166 1 21.0 8.0 22.0
994 166 1 22.0 8.0 22.0
995 166 1 23.0 8.0 22.0
996 166 1 24.0 8.0 22.0
997 167 1 23.0 9.0 7.0
998 167 1 23.0 10.0 7.0
999 167 1 23.0 11.0 7.0
1000 167 1 23.0 12.0 7.0
1001 167 1 23.0 13.0 7.0
1002 167 1 23.0 14.0 7.0
1003 168 1 2.0 17.0 4.0
1004 168 1 2.0 18.0 4.0
1005 168 1 2.0 19.0 4.0
1006 168 1 2.0 20.0 4.0
1007 168 1 2.0 21.0 4.0
1008 168 1 2.0 22.0 4.0
1009 169 1 28.0 4.0 5.0
1010 169 1 28.0 4.0 6.0
1011 169 1 28.0 4.0 7.0
1012 169 1 28.0 4.0 8.0
1013 169 1 28.0 4.0 9.0
1014 169 1 28.0 4.0 10.0
1015 170 1 28.0 4.0 3.0
1016 170 1 28.0 5.0 3.0
1017 170 1 28.0 6.0 3.0
1018 170 1 28.0 7.0 3.0
1019 170 1 28.0 8.0 3.0
1020 170 1 28.0 9.0 3.0
1021 171 1 12.0 0.0 25.0
1022 171 1 13.0 0.0 25.0
1023 171 1 14.0 0.0 25.0
1024 171 1 15.0 0.0 25.0
1025 171 1 16.0 0.0 25.0
1026 171 1 17.0 0.0 25.0
1027 172 1 3.0 13.0 0.0
1028 172 1 3.0 13.0 1.0
1029 172 1 3.0 13.0 2.0
1030 172 1 3.0 13.0 3.0
1031 172 1 3.0 13.0 4.0
1032 172 1 3.0 13.0 5.0
1033 173 1 2.0 20.0 3.0
1034 173 1 3.0 20.0 3.0
1035 173 1 4.0 20.0 3.0
1036 173 1 5.0 20.0 3.0
1037 173 1 6.0 20.0 3.0
1038 173 1 7.0 20.0 3.0
1039 174 1 6.0 12.0 5.0
1040 174 1 7.0 12.0 5.0
1041 174 1 8.0 12.0 5.0
1042 174 1 9.0 12.0 5.0
1043 174 1 10.0 12.0 5.0
1044 174 1 11.0 12.0 5.0
1045 175 1 29.0 11.0 10.0
1046 175 1 29.0 12.0 10.0
1047 175 1 29.0 13.0 10.0
1048 175 1 29.0 14.0 10.0
1049 175 1 29.0 15.0 10.0
1050 175 1 29.0 16.0 10.0
1051 176 1 20.0 22.0 3.0
1052 176 1 20.0 23.0 3.0
1053 176 1 20.0 24.0 3.0
1054 176 1 20.0 25.0 3.0
1055 176 1 20.0 26.0 3.0
1056 176 1 20.0 27.0 3.0
1057 177 1 8.0 1.0 0.0
1058 177 1 8.0 2.0 0.0
1059 177 1 8.0 3.0 0.0
1060 177 1 8.0 4.0 0.0
1061 177 1 8.0 5.0 0.0
1062 177 1 8.0 6.0 0.0
1063 178 1 5.0 1.0 13.0
1064 178 1 6.0 1.0 13.0
1065 178 1 7.0 1.0 13.0
1066 178 1 8.0 1.0 13.0
1067 178 1 9.0 1.0 13.0
1068 178 1 10.0 1.0 13.0
1069 179 1 5.0 2.0 27.0
1070 179 1 6.0 2.0 27.0
1071 179 1 7.0 2.0 27.0
1072 179 1 8.0 2.0 27.0
1073 179 1 9.0 2.0 27.0
1074 179 1 10.0 2.0 27.0
1075 180 1 22.0 1.0 20.0
1076 180 1 23.0 1.0 20.0
1077 180 1 24.0 1.0 20.0
1078 180 1 25.0 1.0 20.0
1079 180 1 26.0 1.0 20.0
1080 180 1 27.0 1.0 20.0
1081 181 1 16.0 4.0 28.0
1082 181 1 16.0 5.0 28.0
1083 181 1 16.0 6.0 28.0
1084 181 1 16.0 7.0 28.0
1085 181 1 16.0 8.0 28.0
1086 181 1 16.0 9.0 28.0
1087 182 1 1.0 22.0 5.0
1088 182 1 1.0 22.0 6.0
1089 182 1 1.0 22.0 7.0
1090 182 1 1.0 22.0 8.0
1091 182 1 1.0 22.0 9.0
1092 182 1 1.0 22.0 10.0
1093 183 1 19.0 16.0 1.0
1094 183 1 19.0 17.0 1.0
1095 183 1 19.0 18.0 1.0
1096 183 1 19.0 19.0 1.0
1097 183 1 19.0 20.0 1.0
1098 183 1 19.0 21.0 1.0
1099 184 1 3.0 7.0 0.0
1100 184 1 3.0 8.0 0.0
1101 184 1 3.0 9.0 0.0
1102 184 1 3.0 10.0 0.0
1103 184 1 3.0 11.0 0.0
1104 184 1 3.0 12.0 0.0
1105 185 1 23.0 15.0 21.0
1106 185 1 23.0 16.0 21.0
1107 185 1 23.0 17.0 21.0
1108 185 1 23.0 18.0 21.0
1109 185 1 23.0 19.0 21.0
1110 185 1 23.0 20.0 21.0
1111 186 1 12.0 22.0 5.0
1112 186 1 12.0 22.0 6.0
1113 186 1 12.0 22.0 7.0
1114 186 1 12.0 22.0 8.0
1115 186 1 12.0 22.0 9.0
1116 186 1 12.0 22.0 10.0
1117 187 1 10.0 16.0 24.0
1118 187 1 10.0 17.0 24.0
1119 187 1 10.0 18.0 24.0
1120 187 1 10.0 19.0 24.0
1121 187 1 10.0 20.0 24.0
1122 187 1 10.0 21.0 24.0
1123 188 1 23.0 10.0 2.0
1124 188 1 23.0 11.0 2.0
1125 188 1 23.0 12.0 2.0
1126 188 1 23.0 13.0 2.0
1127 188 1 23.0 14.0 2.0
1128 188 1 23.0 15.0 2.0
1129 189 1 11.0 24.0 14.0
1130 189 1 11.0 24.0 15.0
1131 189 1 11.0 24.0 16.0
1132 189 1 11.0 24.0 17.0
1133 189 1 11.0 24.0 18.0
1134 189 1 11.0 24.0 19.0
1135 190 1 5.0 12.0 14.0
1136 190 1 5.0 13.0 14.0
1137 190 1 5.0 14.0 14.0
1138 190 1 5.0 15.0 14.0
1139 190 1 5.0 16.0 14.0
1140 190 1 5.0 17.0 14.0
1141 191 1 8.0 28.0 3.0
1142 191 1 9.0 28.0 3.0
1143 191 1 10.0 28.0 3.0
1144 191 1 11.0 28.0 3.0
1145 191 1 12.0 28.0 3.0
1146 191 1 13.0 28.0 3.0
1147 192 1 6.0 22.0 16.0
1148 192 1 6.0 22.0 17.0
1149 192 1 6.0 22.0 18.0
1150 192 1 6.0 22.0 19.0
1151 192 1 6.0 22.0 20.0
1152 192 1 6.0 22.0 21.0
1153 193 1 11.0 18.0 21.0
1154 193 1 12.0 18.0 21.0
1155 193 1 13.0 18.0 21.0
1156 193 1 14.0 18.0 21.0
1157 193 1 15.0 18.0 21.0
1158 193 1 16.0 18.0 21.0
1159 194 1 7.0 6.0 17.0
1160 194 1 7.0 7.0 17.0
1161 194 1 7.0 8.0 17.0
1162 194 1 7.0 9.0 17.0
1163 194 1 7.0 10.0 17.0
1164 194 1 7.0 11.0 17.0
1165 195 1 20.0 21.0 12.0
1166 195 1 20.0 22.0 12.0
1167 195 1 20.0 23.0 12.0
1168 195 1 20.0 24.0 12.0
1169 195 1 20.0 25.0 12.0
1170 195 1 20.0 26.0 12.0
1171 196 1 3.0 28.0 11.0
1172 196 1 3.0 28.0 12.0
1173 196 1 3.0 28.0 13.0
1174 196 1 3.0 28.0 14.0
1175 196 1 3.0 28.0 15.0
1176 196 1 3.0 28.0 16.0
1177 197 1 1.0 29.0 10.0
1178 197 1 1.0 29.0 11.0
1179 197 1 1.0 29.0 12.0
1180 197 1 1.0 29.0 13.0
1181 197 1 1.0 29.0 14.0
1182 197 1 1.0 29.0 15.0
1183 198 1 14.0 29.0 18.0
1184 198 1 15.0 29.0 18.0
1185 198 1 16.0 29.0 18.0
1186 198 1 17.0 29.0 18.0
1187 198 1 18.0 29.0 18.0
1188 198 1 19.0 29.0 18.0
1189 199 1 11.0 3.0 24.0
1190 199 1 12.0 3.0 24.0
1191 199 1 13.0 3.0 24.0
1192 199 1 14.0 3.0 24.0
1193 199 1 15.0 3.0 24.0
1194 199 1 16.0 3.0 24.0
1195 200 1 26.0 8.0 11.0
1196 200 1 26.0 9.0 11.0
1197 200 1 26.0 10.0 11.0
1198 200 1 26.0 11.0 11.0
1199 200 1 26.0 12.0 11.0
1200 200 1 26.0 13.0 11.0
1201 201 1 10.0 25.0 14.0
1202 201 1 10.0 25.0 15.0
1203 201 1 10.0 25.0 16.0
1204 201 1 10.0 25.0 17.0
1205 201 1 10.0 25.0 18.0
1206 201 1 10.0 25.0 19.0
1207 202 1 19.0 7.0 25.0
1208 202 1 19.0 8.0 25.0
1209 202 1 19.0 9.0 25.0
1210 202 1 19.0 10.0 25.0
1211 202 1 19.0 11.0 25.0
1212 202 1 19.0 12.0 25.0
1213 203 1 27.0 16.0 2.0
1214 203 1 27.0 16.0 3.0
1215 203 1 27.0 16.0 4.0
1216 203 1 27.0 16.0 5.0
1217 203 1 27.0 16.0 6.0
1218 203 1 27.0 16.0 7.0
1219 204 1 11.0 6.0 19.0
1220 204 1 11.0 6.0 20.0
1221 204 1 11.0 6.0 21.0
1222 204 1 11.0 6.0 22.0
1223 204 1 11.0 6.0 23.0
1224 204 1 11.0 6.0 24.0
1225 205 1 6.0 4.0 9.0
1226 205 1 6.0 4.0 10.0
1227 205 1 6.0 4.0 11.0
1228 205 1 6.0 4.0 12.0
1229 205 1 6.0 4.0 13.0
1230 205 1 6.0 4.0 14.0
1231 206 1 1.0 10.0 21.0
1232 206 1 2.0 10.0 21.0
1233 206 1 3.0 10.0 21.0
1234 206 1 4.0 10.0 21.0
1235 206 1 5.0 10.0 21.0
1236 206 1 6.0 10.0 21.0
1237 207 1 27.0 6.0 6.0
1238 207 1 27.0 6.0 7.0
1239 207 1 27.0 6.0 8.0
1240 207 1 27.0 6.0 9.0
1241 207 1 27.0 6.0 10.0
1242 207 1 27.0 6.0 11.0
1243 208 1 15.0 11.0 2.0
1244 208 1 16.0 11.0 2.0
1245 208 1 17.0 11.0 2.0
1246 208 1 18.0 11.0 2.0
1247 208 1 19.0 11.0 2.0
1248 208 1 20.0 11.0 2.0
1249 209 1 16.0 4.0 5.0
1250 209 1 16.0 4.0 6.0
1251 209 1 16.0 4.0 7.0
1252 209 1 16.0 4.0 8.0
1253 209 1 16.0 4.0 9.0
1254 209 1 16.0 4.0 10.0
1255 210 1 23.0 14.0 17.0
1256 210 1 23.0 15.0 17.0
1257 210 1 23.0 16.0 17.0
1258 210 1 23.0 17.0 17.0
1259 210 1 23.0 18.0 17.0
1260 210 1 23.0 19.0 17.0
1261 211 1 22.0 9.0 20.0
1262 211 1 23.0 9.0 20.0
1263 211 1 24.0 9.0 20.0
1264 211 1 25.0 9.0 20.0
1265 211 1 26.0 9.0 20.0
1266 211 1 27.0 9.0 20.0
1267 212 1 21.0 4.0 15.0
1268 212 1 21.0 5.0 15.0
1269 212 1 21.0 6.0 15.0
1270 212 1 21.0 7.0 15.0
1271 212 1 21.0 8.0 15.0
1272 212 1 21.0 9.0 15.0
1273 213 1 4.0 3.0 13.0
1274 213 1 5.0 3.0 13.0
1275 213 1 6.0 3.0 13.0
1276 213 1 7.0 3.0 13.0
1277 213 1 8.0 3.0 13.0
1278 213 1 9.0 3.0 13.0
1279 214 1 21.0 22.0 29.0
1280 214 1 21.0 23.0 29.0
1281 214 1 21.0 24.0 29.0
1282 214 1 21.0 25.0 29.0
1283 214 1 21.0 26.0 29.0
1284 214 1 21.0 27.0 29.0
1285 215 1 17.0 0.0 24.0
1286 215 1 17.0 1.0 24.0
1287 215 1 17.0 2.0 24.0
1288 215 1 17.0 3.0 24.0
1289 215 1 17.0 4.0 24.0
1290 215 1 17.0 5.0 24.0
1291 216 1 14.0 11.0 0.0
1292 216 1 14.0 11.0 1.0
1293 216 1 14.0 11.0 2.0
1294 216 1 14.0 11.0 3.0
1295 216 1 14.0 11.0 4.0
1296 216 1 14.0 11.0 5.0
1297 217 1 16.0 2.0 19.0
1298 217 1 17.0 2.0 19.0
1299 217 1 18.0 2.0 19.0
1300 217 1 19.0 2.0 19.0
1301 217 1 20.0 2.0 19.0
1302 217 1 21.0 2.0 19.0
1303 218 1 23.0 15.0 29.0
1304 218 1 24.0 15.0 29.0
1305 218 1 25.0 15.0 29.0
1306 218 1 26.0 15.0 29.0
1307 218 1 27.0 15.0 29.0
1308 218 1 28.0 15.0 29.0
1309 219 1 23.0 19.0 15.0
1310 219 1 23.0 20.0 15.0
1311 219 1 23.0 21.0 15.0
1312 219 1 23.0 22.0 15.0
1313 219 1 23.0 23.0 15.0
1314 219 1 23.0 24.0 15.0
1315 220 1 18.0 20.0 16.0
1316 220 1 19.0 20.0 16.0
1317 220 1 20.0 20.0 16.0
1318 220 1 21.0 20.0 16.0
1319 220 1 22.0 20.0 16.0
1320 220 1 23.0 20.0 16.0
1321 221 1 2.0 18.0 15.0
1322 221 1 2.0 18.0 16.0
1323 221 1 2.0 18.0 17.0
1324 221 1 2.0 18.0 18.0
1325 221 1 2.0 18.0 19.0
1326 221 1 2.0 18.0 20.0
1327 222 1 29.0 11.0 15.0
1328 222 1 29.0 11.0 16.0
1329 222 1 29.0 11.0 17.0
1330 222 1 29.0 11.0 18.0
1331 222 1 29.0 11.0 19.0
1332 222 1 29.0 11.0 20.0
1333 223 1 6.0 18.0 29.0
1334 223 1 6.0 19.0 29.0
1335 223 1 6.0 20.0 29.0
1336 223 1 6.0 21.0 29.0
1337 223 1 6.0 22.0 29.0
1338 223 1 6.0 23.0 29.0
1339 224 1 4.0 8.0 24.0
1340 224 1 4.0 9.0 24.0
1341 224 1 4.0 10.0 24.0
1342 224 1 4.0 11.0 24.0
1343 224 1 4.0 12.0 24.0
1344 224 1 4.0 13.0 24.0
1345 225 1 4.0 1.0 5.0
1346 225 1 4.0 2.0 5.0
1347 225 1 4.0 3.0 5.0
1348 225 1 4.0 4.0 5.0
1349 225 1 4.0 5.0 5.0
1350 225 1 4.0 6.0 5.0
1351 226 1 10.0 9.0 8.0
1352 226 1 10.0 10.0 8.0
1353 226 1 10.0 11.0 8.0
1354 226 1 10.0 12.0 8.0
1355 226 1 10.0 13.0 8.0
1356 226 1 10.0 14.0 8.0
1357 227 1 2.0 13.0 7.0
1358 227 1 2.0 14.0 7.0
1359 227 1 2.0 15.0 7.0
1360 227 1 2.0 16.0 7.0
1361 227 1 2.0 17.0 7.0
1362 227 1 2.0 18.0 7.0
1363 228 1 5.0 7.0 13.0
1364 228 1 5.0 7.0 14.0
1365 228 1 5.0 7.0 15.0
1366 228 1 5.0 7.0 16.0
1367 228 1 5.0 7.0 17.0
1368 228 1 5.0 7.0 18.0
1369 229 1 23.0 10.0 18.0
1370 229 1 23.0 11.0 18.0
1371 229 1 23.0 12.0 18.0
1372 229 1 23.0 13.0 18.0
1373 229 1 23.0 14.0 18.0
1374 229 1 23.0 15.0 18.0
1375 230 1 12.0 25.0 1.0
1376 230 1 13.0 25.0 1.0
1377 230 1 14.0 25.0 1.0
1378 230 1 15.0 25.0 1.0
1379 230 1 16.0 25.0 1.0
1380 230 1 17.0 25.0 1.0
1381 231 1 16.0 26.0 19.0
1382 231 1 17.0 26.0 19.0
1383 231 1 18.0 26.0 19.0
1384 231 1 19.0 26.0 19.0
1385 231 1 20.0 26.0 19.0
1386 231 1 21.0 26.0 19.0
1387 232 1 3.0 27.0 20.0
1388 232 1 3.0 27.0 21.0
1389 232 1 3.0 27.0 22.0
1390 232 1 3.0 27.0 23.0
1391 232 1 3.0 27.0 24.0
1392 232 1 3.0 27.0 25.0
1393 233 1 16.0 1.0 29.0
1394 233 1 16.0 2.0 29.0
1395 233 1 16.0 3.0 29.0
1396 233 1 16.0 4.0 29.0
1397 233 1 16.0 5.0 29.0
1398 233 1 16.0 6.0 29.0
1399 234 1 2.0 17.0 23.0
1400 234 1 2.0 18.0 23.0
1401 234 1 2.0 19.0 23.0
1402 234 1 2.0 20.0 23.0
1403 234 1 2.0 21.0 23.0
1404 234 1 2.0 22.0 23.0
1405 235 1 0.0 23.0 14.0
1406 235 1 0.0 24.0 14.0
1407 235 1 0.0 25.0 14.0
1408 235 1 0.0 26.0 14.0
1409 235 1 0.0 27.0 14.0
1410 235 1 0.0 28.0 14.0
1411 236 1 4.0 16.0 27.0
1412 236 1 4.0 17.0 27.0
1413 236 1 4.0 18.0 27.0
1414 236 1 4.0 19.0 27.0
1415 236 1 4.0 20.0 27.0
1416 236 1 4.0 21.0 27.0
1417 237 1 9.0 25.0 4.0
1418 237 1 10.0 25.0 4.0
1419 237 1 11.0 25.0 4.0
1420 237 1 12.0 25.0 4.0
1421 237 1 13.0 25.0 4.0
1422 237 1 14.0 25.0 4.0
1423 238 1 1.0 2.0 2.0
1424 238 1 2.0 2.0 2.0
1425 238 1 3.0 2.0 2.0
1426 238 1 4.0 2.0 2.0
1427 238 1 5.0 2.0 2.0
1428 238 1 6.0 2.0 2.0
1429 239 1 19.0 7.0 17.0
1430 239 1 19.0 7.0 18.0
1431 239 1 19.0 7.0 19.0
1432 239 1 19.0 7.0 20.0
1433 239 1 19.0 7.0 21.0
1434 239 1 19.0 7.0 22.0
1435 240 1 19.0 3.0 15.0
1436 240 1 19.0 4.0 15.0
1437 240 1 19.0 5.0 15.0
1438 240 1 19.0 6.0 15.0
1439 240 1 19.0 7.0 15.0
1440 240 1 19.0 8.0 15.0
1441 241 1 10.0 24.0 25.0
1442 241 1 11.0 24.0 25.0
1443 241 1 12.0 24.0 25.0
1444 241 1 13.0 24.0 25.0
1445 241 1 14.0 24.0 25.0
1446 241 1 15.0 24.0 25.0
1447 242 1 11.0 11.0 16.0
1448 242 1 12.0 11.0 16.0
1449 242 1 13.0 11.0 16.0
1450 242 1 14.0 11.0 16.0
1451 242 1 15.0 11.0 16.0
1452 242 1 16.0 11.0 16.0
1453 243 1 10.0 15.0 4.0
1454 243 1 11.0 15.0 4.0
1455 243 1 12.0 15.0 4.0
1456 243 1 13.0 15.0 4.0
1457 243 1 14.0 15.0 4.0
1458 243 1 15.0 15.0 4.0
1459 244 1 19.0 17.0 4.0
1460 244 1 19.0 17.0 5.0
1461 244 1 19.0 17.0 6.0
1462 244 1 19.0 17.0 7.0
1463 244 1 19.0 17.0 8.0
1464 244 1 19.0 17.0 9.0
1465 245 1 19.0 5.0 0.0
1466 245 1 19.0 5.0 1.0
1467 245 1 19.0 5.0 2.0
1468 245 1 19.0 5.0 3.0
1469 245 1 19.0 5.0 4.0
1470 245 1 19.0 5.0 5.0
1471 246 1 6.0 2.0 5.0
1472 246 1 7.0 2.0 5.0
1473 246 1 8.0 2.0 5.0
1474 246 1 9.0 2.0 5.0
1475 246 1 10.0 2.0 5.0
1476 246 1 11.0 2.0 5.0
1477 247 1 9.0 16.0 29.0
1478 247 1 9.0 17.0 29.0
1479 247 1 9.0 18.0 29.0
1480 247 1 9.0 19.0 29.0
1481 247 1 9.0 20.0 29.0
1482 247 1 9.0 21.0 29.0
1483 248 1 28.0 11.0 17.0
1484 248 1 28.0 12.0 17.0
1485 248 1 28.0 13.0 17.0
1486 248 1 28.0 14.0 17.0
1487 248 1 28.0 15.0 17.0
1488 248 1 28.0 16.0 17.0
1489 249 1 26.0 9.0 23.0
1490 249 1 26.0 9.0 24.0
1491 249 1 26.0 9.0 25.0
1492 249 1 26.0 9.0 26.0
1493 249 1 26.0 9.0 27.0
1494 249 1 26.0 9.0 28.0
1495 250 1 11.0 15.0 25.0
1496 250 1 11.0 16.0 25.0
1497 250 1 11.0 17.0 25.0
1498 250 1 11.0 18.0 25.0
1499 250 1 11.0 19.0 25.0
1500 250 1 11.0 20.0 25.0
1501 251 1 7.0 28.0 18.0
1502 251 1 7.0 28.0 19.0
1503 251 1 7.0 28.0 20.0
1504 251 1 7.0 28.0 21.0
1505 251 1 7.0 28.0 22.0
1506 251 1 7.0 28.0 23.0
1507 252 1 18.0 25.0 18.0
1508 252 1 19.0 25.0 18.0
1509 252 1 20.0 25.0 18.0
1510 252 1 21.0 25.0 18.0
1511 252 1 22.0 25.0 18.0
1512 252 1 23.0 25.0 18.0
1513 253 1 12.0 21.0 18.0
1514 253 1 12.0 22.0 18.0
1515 253 1 12.0 23.0 18.0
1516 253 1 12.0 24.0 18.0
1517 253 1 12.0 25.0 18.0
1518 253 1 12.0 26.0 18.0
1519 254 1 1.0 23.0 23.0
1520 254 1 1.0 23.0 24.0
1521 254 1 1.0 23.0 25.0
1522 254 1 1.0 23.0 26.0
1523 254 1 1.0 23.0 27.0
1524 254 1 1.0 23.0 28.0
1525 255 1 3.0 9.0 28.0
1526 255 1 4.0 9.0 28.0
1527 255 1 5.0 9.0 28.0
1528 255 1 6.0 9.0 28.0
1529 255 1 7.0 9.0 28.0
1530 255 1 8.0 9.0 28.0
1531 256 1 7.0 21.0 29.0
1532 256 1 7.0 22.0 29.0
1533 256 1 7.0 23.0 29.0
1534 256 1 7.0 24.0 29.0
1535 256 1 7.0 25.0 29.0
1536 256 1 7.0 26.0 29.0
1537 257 1 23.0 10.0 21.0
1538 257 1 23.0 10.0 22.0
1539 257 1 23.0 10.0 23.0
1540 257 1 23.0 10.0 24.0
1541 257 1 23.0 10.0 25.0
1542 257 1 23.0 10.0 26.0
1543 258 1 17.0 18.0 29.0
1544 258 1 18.0 18.0 29.0
1545 258 1 19.0 18.0 29.0
1546 258 1 20.0 18.0 29.0
1547 258 1 21.0 18.0 29.0
1548 258 1 22.0 18.0 29.0
1549 259 1 19.0 20.0 17.0
1550 259 1 20.0 20.0 17.0
1551 259 1 21.0 20.0 17.0
1552 259 1 22.0 20.0 17.0
1553 259 1 23.0 20.0 17.0
1554 259 1 24.0 20.0 17.0
1555 260 1 3.0 17.0 9.0
1556 260 1 3.0 17.0 10.0
1557 260 1 3.0 17.0 11.0
1558 260 1 3.0 17.0 12.0
1559 260 1 3.0 17.0 13.0
1560 260 1 3.0 17.0 14.0
1561 261 1 29.0 22.0 2.0
1562 261 1 29.0 23.0 2.0
1563 261 1 29.0 24.0 2.0
1564 261 1 29.0 25.0 2.0
1565 261 1 29.0 26.0 2.0
1566 261 1 29.0 27.0 2.0
1567 262 1 14.0 0.0 8.0
1568 262 1 15.0 0.0 8.0
1569 262 1 16.0 0.0 8.0
1570 262 1 17.0 0.0 8.0
1571 262 1 18.0 0.0 8.0
1572 262 1 19.0 0.0 8.0
1573 263 1 15.0 16.0 6.0
1574 263 1 15.0 17.0 6.0
1575 263 1 15.0 18.0 6.0
1576 263 1 15.0 19.0 6.0
1577 263 1 15.0 20.0 6.0
1578 263 1 15.0 21.0 6.0
1579 264 1 18.0 15.0 4.0
1580 264 1 18.0 15.0 5.0
1581 264 1 18.0 15.0 6.0
1582 264 1 18.0 15.0 7.0
1583 264 1 18.0 15.0 8.0
1584 264 1 18.0 15.0 9.0
1585 265 1 0.0 22.0 2.0
1586 265 1 0.0 23.0 2.0
1587 265 1 0.0 24.0 2.0
1588 265 1 0.0 25.0 2.0
1589 265 1 0.0 26.0 2.0
1590 265 1 0.0 27.0 2.0
1591 266 1 25.0 23.0 8.0
1592 266 1 25.0 24.0 8.0
1593 266 1 25.0 25.0 8.0
1594 266 1 25.0 26.0 8.0
1595 266 1 25.0 27.0 8.0
1596 266 1 25.0 28.0 8.0
1597 267 1 5.0 15.0 4.0
1598 267 1 5.0 16.0 4.0
1599 267 1 5.0 17.0 4.0
1600 267 1 5.0 18.0 4.0
1601 267 1 5.0 19.0 4.0
1602 267 1 5.0 20.0 4.0
1603 268 1 21.0 14.0 12.0
1604 268 1 22.0 14.0 12.0
1605 268 1 23.0 14.0 12.0
1606 268 1 24.0 14.0 12.0
1607 268 1 25.0 14.0 12.0
1608 268 1 26.0 14.0 12.0
1609 269 1 7.0 11.0 19.0
1610 269 1 8.0 11.0 19.0
1611 269 1 9.0 11.0 19.0
1612 269 1 10.0 11.0 19.0
1613 269 1 11.0 11.0 19.0
1614 269 1 12.0 11.0 19.0
1615 270 1 27.0 6.0 26.0
1616 270 1 27.0 7.0 26.0
1617 270 1 27.0 8.0 26.0
1618 270 1 27.0 9.0 26.0
1619 270 1 27.0 10.0 26.0
1620 270 1 27.0 11.0 26.0
1621 271 1 13.0 15.0 2.0
1622 271 1 13.0 16.0 2.0
1623 271 1 13.0 17.0 2.0
1624 271 1 13.0 18.0 2.0
1625 271 1 13.0 19.0 2.0
1626 271 1 13.0 20.0 2.0
1627 272 1 4.0 8.0 9.0
1628 272 1 4.0 9.0 9.0
1629 272 1 4.0 10.0 9.0
1630 272 1 4.0 11.0 9.0
1631 272 1 4.0 12.0 9.0
1632 272 1 4.0 13.0 9.0
1633 273 1 6.0 1.0 14.0
1634 273 1 7.0 1.0 14.0
1635 273 1 8.0 1.0 14.0
1636 273 1 9.0 1.0 14.0
1637 273 1 10.0 1.0 14.0
1638 273 1 11.0 1.0 14.0
1639 274 1 16.0 2.0 14.0
1640 274 1 16.0 3.0 14.0
1641 274 1 16.0 4.0 14.0
1642 274 1 16.0 5.0 14.0
1643 274 1 16.0 6.0 14.0
1644 274 1 16.0 7.0 14.0
1645 275 1 29.0 21.0 18.0
1646 275 1 29.0 21.0 19.0
1647 275 1 29.0 21.0 20.0
1648 275 1 29.0 21.0 21.0
1649 275 1 29.0 21.0 22.0
1650 275 1 29.0 21.0 23.0
1651 276 1 25.0 18.0 2.0
1652 276 1 25.0 18.0 3.0
1653 276 1 25.0 18.0 4.0
1654 276 1 25.0 18.0 5.0
1655 276 1 25.0 18.0 6.0
1656 276 1 25.0 18.0 7.0
1657 277 1 20.0 19.0 10.0
1658 277 1 20.0 20.0 10.0
1659 277 1 20.0 21.0 10.0
1660 277 1 20.0 22.0 10.0
1661 277 1 20.0 23.0 10.0
1662 277 1 20.0 24.0 10.0
1663 278 1 2.0 9.0 25.0
1664 278 1 3.0 9.0 25.0
1665 278 1 4.0 9.0 25.0
1666 278 1 5.0 9.0 25.0
1667 278 1 6.0 9.0 25.0
1668 278 1 7.0 9.0 25.0
1669 279 1 8.0 20.0 18.0
1670 279 1 8.0 21.0 18.0
1671 279 1 8.0 22.0 18.0
1672 279 1 8.0 23.0 18.0
1673 279 1 8.0 24.0 18.0
1674 279 1 8.0 25.0 18.0
1675 280 1 15.0 8.0 0.0
1676 280 1 16.0 8.0 0.0
1677 280 1 17.0 8.0 0.0
1678 280 1 18.0 8.0 0.0
1679 280 1 19.0 8.0 0.0
1680 280 1 20.0 8.0 0.0
1681 281 1 7.0 26.0 22.0
1682 281 1 8.0 26.0 22.0
1683 281 1 9.0 26.0 22.0
1684 281 1 10.0 26.0 22.0
1685 281 1 11.0 26.0 22.0
1686 281 1 12.0 26.0 22.0
1687 282 1 14.0 19.0 13.0
1688 282 1 14.0 19.0 14.0
1689 282 1 14.0 19.0 15.0
1690 282 1 14.0 19.0 16.0
1691 282 1 14.0 19.0 17.0
1692 282 1 14.0 19.0 18.0
1693 283 1 4.0 1.0 9.0
1694 283 1 5.0 1.0 9.0
1695 283 1 6.0 1.0 9.0
1696 283 1 7.0 1.0 9.0
1697 283 1 8.0 1.0 9.0
1698 283 1 9.0 1.0 9.0
1699 284 1 10.0 10.0 11.0
1700 284 1 11.0 10.0 11.0
1701 284 1 12.0 10.0 11.0
1702 284 1 13.0 10.0 11.0
1703 284 1 14.0 10.0 11.0
1704 284 1 15.0 10.0 11.0
1705 285 1 7.0 15.0 6.0
1706 285 1 8.0 15.0 6.0
1707 285 1 9.0 15.0 6.0
1708 285 1 10.0 15.0 6.0
1709 285 1 11.0 15.0 6.0
1710 285 1 12.0 15.0 6.0
1711 286 1 25.0 17.0 4.0
1712 286 1 25.0 17.0 5.0
1713 286 1 25.0 17.0 6.0
1714 286 1 25.0 17.0 7.0
1715 286 1 25.0 17.0 8.0
1716 286 1 25.0 17.0 9.0
1717 287 1 0.0 6.0 3.0
1718 287 1 0.0 7.0 3.0
1719 287 1 0.0 8.0 3.0
1720 287 1 0.0 9.0 3.0
1721 287 1 0.0 10.0 3.0
1722 287 1 0.0 11.0 3.0
1723 288 1 19.0 16.0 27.0
1724 288 1 19.0 17.0 27.0
1725 288 1 19.0 18.0 27.0
1726 288 1 19.0 19.0 27.0
1727 288 1 19.0 20.0 27.0
1728 288 1 19.0 21.0 27.0
1729 289 1 3.0 11.0 4.0
1730 289 1 3.0 11.0 5.0
1731 289 1 3.0 11.0 6.0
1732 289 1 3.0 11.0 7.0
1733 289 1 3.0 11.0 8.0
1734 289 1 3.0 11.0 9.0
1735 290 1 24.0 15.0 7.0
1736 290 1 24.0 15.0 8.0
1737 290 1 24.0 15.0 9.0
1738 290 1 24.0 15.0 10.0
1739 290 1 24.0 15.0 11.0
1740 290 1 24.0 15.0 12.0
1741 291 1 5.0 6.0 29.0
1742 291 1 5.0 7.0 29.0
1743 291 1 5.0 8.0 29.0
1744 291 1 5.0 9.0 29.0
1745 291 1 5.0 10.0 29.0
1746 291 1 5.0 11.0 29.0
1747 292 1 25.0 12.0 2.0
1748 292 1 25.0 12.0 3.0
1749 292 1 25.0 12.0 4.0
1750 292 1 25.0 12.0 5.0
1751 292 1 25.0 12.0 6.0
1752 292 1 25.0 12.0 7.0
1753 293 1 8.0 29.0 7.0
1754 293 1 9.0 29.0 7.0
1755 293 1 10.0 29.0 7.0
1756 293 1 11.0 29.0 7.0
1757 293 1 12.0 29.0 7.0
1758 293 1 13.0 29.0 7.0
1759 294 1 27.0 19.0 6.0
1760 294 1 27.0 20.0 6.0
1761 294 1 27.0 21.0 6.0
1762 294 1 27.0 22.0 6.0
1763 294 1 27.0 23.0 6.0
1764 294 1 27.0 24.0 6.0
1765 295 1 11.0 3.0 11.0
1766 295 1 11.0 3.0 12.0
1767 295 1 11.0 3.0 13.0
1768 295 1 11.0 3.0 14.0
1769 295 1 11.0 3.0 15.0
1770 295 1 11.0 3.0 16.0
1771 296 1 14.0 19.0 22.0
1772 296 1 14.0 19.0 23.0
1773 296 1 14.0 19.0 24.0
1774 296 1 14.0 19.0 25.0
1775 296 1 14.0 19.0 26.0
1776 296 1 14.0 19.0 27.0
1777 297 1 13.0 8.0 14.0
1778 297 1 13.0 9.0 14.0
1779 297 1 13.0 10.0 14.0
1780 297 1 13.0 11.0 14.0
1781 297 1 13.0 12.0 14.0
1782 297 1 13.0 13.0 14.0
1783 298 1 6.0 17.0 6.0
1784 298 1 7.0 17.0 6.0
1785 298 1 8.0 17.0 6.0
1786 298 1 9.0 17.0 6.0
1787 298 1 10.0 17.0 6.0
1788 298 1 11.0 17.0 6.0
1789 299 1 23.0 6.0 13.0
1790 299 1 24.0 6.0 13.0
1791 299 1 25.0 6.0 13.0
1792 299 1 26.0 6.0 13.0
1793 299 1 27.0 6.0 13.0
1794 299 1 28.0 6.0 13.0
1795 300 1 18.0 29.0 4.0
1796 300 1 19.0 29.0 4.0
1797 300 1 20.0 29.0 4.0
1798 300 1 21.0 29.0 4.0
1799 300 1 22.0 29.0 4.0
1800 300 1 23.0 29.0 4.0
1801 301 1 29.0 3.0 7.0
1802 301 1 29.0 4.0 7.0
1803 301 1 29.0 5.0 7.0
1804 301 1 29.0 6.0 7.0
1805 301 1 29.0 7.0 7.0
1806 301 1 29.0 8.0 7.0
1807 302 1 23.0 13.0 8.0
1808 302 1 24.0 13.0 8.0
1809 302 1 25.0 13.0 8.0
1810 302 1 26.0 13.0 8.0
1811 302 1 27.0 13.0 8.0
1812 302 1 28.0 13.0 8.0
1813 303 1 18.0 6.0 12.0
1814 303 1 18.0 7.0 12.0
1815 303 1 18.0 8.0 12.0
1816 303 1 18.0 9.0 12.0
1817 303 1 18.0 10.0 12.0
1818 303 1 18.0 11.0 12.0
1819 304 1 18.0 18.0 18.0
1820 304 1 18.0 18.0 19.0
1821 304 1 18.0 18.0 20.0
1822 304 1 18.0 18.0 21.0
1823 304 1 18.0 18.0 22.0
1824 304 1 18.0 18.0 23.0
1825 305 1 1.0 0.0 4.0
1826 305 1 2.0 0.0 4.0
1827 305 1 3.0 0.0 4.0
1828 305 1 4.0 0.0 4.0
1829 305 1 5.0 0.0 4.0
1830 305 1 6.0 0.0 4.0
1831 306 1 10.0 0.0 2.0
1832 306 1 10.0 1.0 2.0
1833 306 1 10.0 2.0 2.0
1834 306 1 10.0 3.0 2.0
1835 306 1 10.0 4.0 2.0
1836 306 1 10.0 5.0 2.0
1837 307 1 0.0 26.0 15.0
1838 307 1 1.0 26.0 15.0
1839 307 1 2.0 26.0 15.0
1840 307 1 3.0 26.0 15.0
1841 307 1 4.0 26.0 15.0
1842 307 1 5.0 26.0 15.0
1843 308 1 10.0 3.0 14.0
1844 308 1 10.0 3.0 15.0
1845 308 1 10.0 3.0 16.0
1846 308 1 10.0 3.0 17.0
1847 308 1 10.0 3.0 18.0
1848 308 1 10.0 3.0 19.0
1849 309 1 18.0 14.0 14.0
1850 309 1 18.0 15.0 14.0
1851 309 1 18.0 16.0 14.0
1852 309 1 18.0 17.0 14.0
1853 309 1 18.0 18.0 14.0
1854 309 1 18.0 19.0 14.0
1855 310 1 29.0 15.0 29.0
1856 310 1 29.0 16.0 29.0
1857 310 1 29.0 17.0 29.0
1858 310 1 29.0 18.0 29.0
1859 310 1 29.0 19.0 29.0
1860 310 1 29.0 20.0 29.0
1861 311 1 4.0 7.0 18.0
1862 311 1 4.0 7.0 19.0
1863 311 1 4.0 7.0 20.0
1864 311 1 4.0 7.0 21.0
1865 311 1 4.0 7.0 22.0
1866 311 1 4.0 7.0 23.0
1867 312 1 5.0 6.0 3.0
1868 312 1 5.0 7.0 3.0
1869 312 1 5.0 8.0 3.0
1870 312 1 5.0 9.0 3.0
1871 312 1 5.0 10.0 3.0
1872 312 1 5.0 11.0 3.0
1873 313 1 20.0 18.0 16.0
1874 313 1 21.0 18.0 16.0
1875 313 1 22.0 18.0 16.0
1876 313 1 23.0 18.0 16.0
1877 313 1 24.0 18.0 16.0
1878 313 1 25.0 18.0 16.0
1879 314 1 5.0 17.0 26.0
1880 314 1 5.0 18.0 26.0
1881 314 1 5.0 19.0 26.0
1882 314 1 5.0 20.0 26.0
1883 314 1 5.0 21.0 26.0
1884 314 1 5.0 22.0 26.0
1885 315 1 22.0 29.0 2.0
1886 315 1 23.0 29.0 2.0
1887 315 1 24.0 29.0 2.0
1888 315 1 25.0 29.0 2.0
1889 315 1 26.0 29.0 2.0
1890 315 1 27.0 29.0 2.0
1891 316 1 14.0 28.0 25.0
1892 316 1 15.0 28.0 25.0
1893 316 1 16.0 28.0 25.0
1894 316 1 17.0 28.0 25.0
1895 316 1 18.0 28.0 25.0
1896 316 1 19.0 28.0 25.0
1897 317 1 13.0 21.0 15.0
1898 317 1 13.0 22.0 15.0
1899 317 1 13.0 23.0 15.0
1900 317 1 13.0 24.0 15.0
1901 317 1 13.0 25.0 15.0
1902 317 1 13.0 26.0 15.0
1903 318 1 25.0 9.0 13.0
1904 318 1 25.0 9.0 14.0
1905 318 1 25.0 9.0 15.0
1906 318 1 25.0 9.0 16.0
1907 318 1 25.0 9.0 17.0
1908 318 1 25.0 9.0 18.0
1909 319 1 21.0 18.0 24.0
1910 319 1 21.0 19.0 24.0
1911 319 1 21.0 20.0 24.0
1912 319 1 21.0 21.0 24.0
1913 319 1 21.0 22.0 24.0
1914 319 1 21.0 23.0 24.0
1915 320 1 20.0 16.0 3.0
1916 320 1 20.0 16.0 4.0
1917 320 1 20.0 16.0 5.0
1918 320 1 20.0 16.0 6.0
1919 320 1 20.0 16.0 7.0
1920 320 1 20.0 16.0 8.0
1921 321 1 1.0 7.0 20.0
1922 321 1 1.0 8.0 20.0
1923 321 1 1.0 9.0 20.0
1924 321 1 1.0 10.0 20.0
1925 321 1 1.0 11.0 20.0
1926 321 1 1.0 12.0 20.0
1927 322 1 9.0 13.0 15.0
1928 322 1 9.0 13.0 16.0
1929 322 1 9.0 13.0 17.0
1930 322 1 9.0 13.0 18.0
1931 322 1 9.0 13.0 19.0
1932 322 1 9.0 13.0 20.0
1933 323 1 25.0 8.0 5.0
1934 323 1 25.0 8.0 6.0
1935 323 1 25.0 8.0 7.0
1936 323 1 25.0 8.0 8.0
1937 323 1 25.0 8.0 9.0
1938 323 1 25.0 8.0 10.0
1939 324 1 4.0 5.0 14.0
1940 324 1 5.0 5.0 14.0
1941 324 1 6.0 5.0 14.0
1942 324 1 7.0 5.0 14.0
1943 324 1 8.0 5.0 14.0
1944 324 1 9.0 5.0 14.0
1945 325 1 8.0 12.0 4.0
1946 325 1 8.0 13.0 4.0
1947 325 1 8.0 14.0 4.0
1948 325 1 8.0 15.0 4.0
1949 325 1 8.0 16.0 4.0
1950 325 1 8.0 17.0 4.0
1951 326 1 25.0 1.0 29.0
1952 326 1 25.0 2.0 29.0
1953 326 1 25.0 3.0 29.0
1954 326 1 25.0 4.0 29.0
1955 326 1 25.0 5.0 29.0
1956 326 1 25.0 6.0 29.0
1957 327 1 29.0 8.0 22.0
1958 327 1 29.0 8.0 23.0
1959 327 1 29.0 8.0 24.0
1960 327 1 29.0 8.0 25.0
1961 327 1 29.0 8.0 26.0
1962 327 1 29.0 8.0 27.0
1963 328 1 23.0 6.0 21.0
1964 328 1 24.0 6.0 21.0
1965 328 1 25.0 6.0 21.0
1966 328 1 26.0 6.0 21.0
1967 328 1 27.0 6.0 21.0
1968 328 1 28.0 6.0 21.0
1969 329 1 19.0 4.0 13.0
1970 329 1 20.0 4.0 13.0
1971 329 1 21.0 4.0 13.0
1972 329 1 22.0 4.0 13.0
1973 329 1 23.0 4.0 13.0
1974 329 1 24.0 4.0 13.0
1975 330 1 27.0 6.0 5.0
1976 330 1 27.0 7.0 5.0
1977 330 1 27.0 8.0 5.0
1978 330 1 27.0 9.0 5.0
1979 330 1 27.0 10.0 5.0
1980 330 1 27.0 11.0 5.0
1981 331 1 3.0 20.0 21.0
1982 331 1 3.0 20.0 22.0
1983 331 1 3.0 20.0 23.0
1984 331 1 3.0 20.0 24.0
1985 331 1 3.0 20.0 25.0
1986 331 1 3.0 20.0 26.0
1987 332 1 29.0 1.0 2.0
1988 332 1 29.0 2.0 2.0
1989 332 1 29.0 3.0 2.0
1990 332 1 29.0 4.0 2.0
1991 332 1 29.0 5.0 2.0
1992 332 1 29.0 6.0 2.0
1993 333 1 15.0 22.0 0.0
1994 333 1 15.0 23.0 0.0
1995 333 1 15.0 24.0 0.0
1996 333 1 15.0 25.0 0.0
1997 333 1 15.0 26.0 0.0
1998 333 1 15.0 27.0 0.0
1999 334 1 10.0 19.0 3.0
2000 334 1 11.0 19.0 3.0
2001 334 1 12.0 19.0 3.0
2002 334 1 13.0 19.0 3.0
2003 334 1 14.0 19.0 3.0
2004 334 1 15.0 19.0 3.0
2005 335 1 2.0 20.0 13.0
2006 335 1 2.0 20.0 14.0
2007 335 1 2.0 20.0 15.0
2008 335 1 2.0 20.0 16.0
2009 335 1 2.0 20.0 17.0
2010 335 1 2.0 20.0 18.0
2011 336 1 2.0 3.0 18.0
2012 336 1 3.0 3.0 18.0
2013 336 1 4.0 3.0 18.0
2014 336 1 5.0 3.0 18.0
2015 336 1 6.0 3.0 18.0
2016 336 1 7.0 3.0 18.0
2017 337 1 3.0 6.0 10.0
2018 337 1 3.0 7.0 10.0
2019 337 1 3.0 8.0 10.0
2020 337 1 3.0 9.0 10.0
2021 337 1 3.0 10.0 10.0
2022 337 1 3.0 11.0 10.0
2023 338 1 0.0 1.0 19.0
2024 338 1 0.0 1.0 20.0
2025 338 1 0.0 1.0 21.0
2026 338 1 0.0 1.0 22.0
2027 338 1 0.0 1.0 23.0
2028 338 1 0.0 1.0 24.0
2029 339 1 7.0 11.0 3.0
2030 339 1 7.0 11.0 4.0
2031 339 1 7.0 11.0 5.0
2032 339 1 7.0 11.0 6.0
2033 339 1 7.0 11.0 7.0
2034 339 1 7.0 11.0 8.0
2035 340 1 22.0 16.0 1.0
2036 340 1 23.0 16.0 1.0
2037 340 1 24.0 16.0 1.0
2038 340 1 25.0 16.0 1.0
2039 340 1 26.0 16.0 1.0
2040 340 1 27.0 16.0 1.0
2041 341 1 4.0 24.0 22.0
2042 341 1 5.0 24.0 22.0
2043 341 1 6.0 24.0 22.0
2044 341 1 7.0 24.0 22.0
2045 341 1 8.0 24.0 22.0
2046 341 1 9.0 24.0 22.0
2047 342 1 11.0 29.0 20.0
2048 342 1 11.0 29.0 21.0
2049 342 1 11.0 29.0 22.0
2050 342 1 11.0 29.0 23.0
2051 342 1 11.0 29.0 24.0
2052 342 1 11.0 29.0 25.0
2053 343 1 26.0 1.0 8.0
2054 343 1 26.0 1.0 9.0
2055 343 1 26.0 1.0 10.0
2056 343 1 26.0 1.0 11.0
2057 343 1 26.0 1.0 12.0
2058 343 1 26.0 1.0 13.0
2059 344 3 6.0 8.0 0.0
2060 344 2 6.0 7.0 0.0
2061 344 2 6.0 6.0 0.0
2062 344 2 6.0 5.0 0.0
2063 344 2 6.0 4.0 0.0
2064 344 2 6.0 3.0 0.0
2065 344 2 6.0 2.0 0.0
2066 344 2 6.0 1.0 0.0
2067 344 2 6.0 0.0 0.0
2068 344 2 5.0 0.0 0.0
2069 344 2 4.0 0.0 0.0
2070 344 2 3.0 0.0 0.0
2071 344 2 2.0 0.0 0.0
2072 344 2 1.0 0.0 0.0
2073 344 2 0.0 0.0 0.0
2074 344 2 0.0 1.0 0.0
2075 344 2 0.0 2.0 0.0
2076 344 2 0.0 3.0 0.0
2077 344 2 0.0 4.0 0.0
2078 344 2 0.0 5.0 0.0
2079 344 2 0.0 6.0 0.0
2080 344 2 0.0 7.0 0.0
2081 344 2 0.0 8.0 0.0
2082 344 2 0.0 9.0 0.0
2083 344 2 0.0 10.0 0.0
2084 344 2 0.0 11.0 0.0
2085 344 2 0.0 12.0 0.0
2086 344 2 0.0 13.0 0.0
2087 344 2 0.0 14.0 0.0
2088 344 3 0.0 15.0 0.0
2089 345 3 18.0 16.0 0.0
2090 345 2 18.0 17.0 0.0
2091 345 2 18.0 18.0 0.0
2092 345 2 18.0 19.0 0.0
2093 345 2 18.0 20.0 0.0
2094 345 2 18.0 21.0 0.0
2095 345 2 18.0 22.0 0.0
2096 345 2 18.0 23.0 0.0
2097 345 2 18.0 24.0 0.0
2098 345 2 18.0 25.0 0.0
2099 345 2 18.0 26.0 0.0
2100 345 2 18.0 27.0 0.0
2101 345 2 18.0 28.0 0.0
2102 345 2 18.0 29.0 0.0
2103 345 2 19.0 29.0 0.0
2104 345 2 20.0 29.0 0.0
2105 345 2 21.0 29.0 0.0
2106 345 2 22.0 29.0 0.0
2107 345 2 23.0 29.0 0.0
2108 345 2 24.0 29.0 0.0
2109 345 2 25.0 29.0 0.0
2110 345 2 26.0 29.0 0.0
2111 345 2 27.0 29.0 0.0
2112 345 2 28.0 29.0 0.0
2113 345 2 29.0 29.0 0.0
2114 345 2 29.0 28.0 0.0
2115 345 2 29.0 27.0 0.0
2116 345 2 29.0 26.0 0.0
2117 345 2 29.0 25.0 0.0
2118 345 3 29.0 24.0 0.0
2119 346 3 29.0 1.0 0.0
2120 346 2 28.0 1.0 0.0
2121 346 2 27.0 1.0 0.0
2122 346 2 26.0 1.0 0.0
2123 346 2 25.0 1.0 0.0
2124 346 2 24.0 1.0 0.0
2125 346 2 23.0 1.0 0.0
2126 346 2 22.0 1.0 0.0
2127 346 2 21.0 1.0 0.0
2128 346 2 20.0 1.0 0.0
2129 346 2 19.0 1.0 0.0
2130 346 2 18.0 1.0 0.0
2131 346 2 17.0 1.0 0.0
2132 346 2 16.0 1.0 0.0
2133 346 2 15.0 1.0 0.0
2134 346 2 14.0 1.0 0.0
2135 346 2 13.0 1.0 0.0
2136 346 2 12.0 1.0 0.0
2137 346 2 11.0 1.0 0.0
2138 346 2 10.0 1.0 0.0
2139 346 2 9.0 1.0 0.0
2140 346 2 9.0 2.0 0.0
2141 346 2 9.0 3.0 0.0
2142 346 2 9.0 4.0 0.0
2143 346 2 9.0 5.0 0.0
2144 346 2 9.0 6.0 0.0
2145 346 2 9.0 7.0 0.0
2146 346 2 9.0 8.0 0.0
2147 346 2 9.0 9.0 0.0
2148 346 3 9.0 10.0 0.0
2149 347 3 23.0 24.0 0.0
2150 347 2 22.0 24.0 0.0
2151 347 2 21.0 24.0 0.0
2152 347 2 20.0 24.0 0.0
2153 347 2 19.0 24.0 0.0
2154 347 2 19.0 23.0 0.0
2155 347 2 19.0 22.0 0.0
2156 347 2 19.0 21.0 0.0
2157 347 2 19.0 20.0 0.0
2158 347 2 19.0 19.0 0.0
2159 347 2 19.0 18.0 0.0
2160 347 2 19.0 17.0 0.0
2161 347 2 19.0 16.0 0.0
2162 347 2 19.0 15.0 0.0
2163 347 2 19.0 14.0 0.0
2164 347 2 19.0 13.0 0.0
2165 347 2 19.0 12.0 0.0
2166 347 2 19.0 11.0 0.0
2167 347 2 19.0 10.0 0.0
2168 347 2 19.0 9.0 0.0
2169 347 2 18.0 9.0 0.0
2170 347 2 17.0 9.0 0.0
2171 347 2 16.0 9.0 0.0
2172 347 2 15.0 9.0 0.0
2173 347 2 14.0 9.0 0.0
2174 347 2 13.0 9.0 0.0
2175 347 2 12.0 9.0 0.0
2176 347 2 11.0 9.0 0.0
2177 347 2 10.0 9.0 0.0
2178 347 3 10.0 8.0 0.0
2179 348 3 29.0 19.0 0.0
2180 348 2 29.0 18.0 0.0
2181 348 2 29.0 17.0 0.0
2182 348 2 29.0 16.0 0.0
2183 348 2 29.0 15.0 0.0
2184 348 2 29.0 14.0 0.0
2185 348 2 29.0 13.0 0.0
2186 348 2 29.0 12.0 0.0
2187 348 2 29.0 11.0 0.0
2188 348 2 29.0 10.0 0.0
2189 348 2 29.0 9.0 0.0
2190 348 2 29.0 8.0 0.0
2191 348 2 29.0 7.0 0.0
2192 348 2 29.0 6.0 0.0
2193 348 2 29.0 5.0 0.0
2194 348 2 29.0 4.0 0.0
2195 348 2 29.0 3.0 0.0
2196 348 2 29.0 2.0 0.0
2197 348 2 28.0 2.0 0.0
2198 348 2 27.0 2.0 0.0
2199 348 2 26.0 2.0 0.0
2200 348 2 25.0 2.0 0.0
2201 348 2 24.0 2.0 0.0
2202 348 2 23.0 2.0 0.0
2203 348 2 22.0 2.0 0.0
2204 348 2 21.0 2.0 0.0
2205 348 2 20.0 2.0 0.0
2206 348 2 19.0 2.0 0.0
2207 348 2 18.0 2.0 0.0
2208 348 3 17.0 2.0 0.0
2209 349 3 3.0 2.0 0.0
2210 349 2 2.0 2.0 0.0
2211 349 2 1.0 2.0 0.0
2212 349 2 1.0 1.0 0.0
2213 349 2 2.0 1.0 0.0
2214 349 2 3.0 1.0 0.0
2215 349 2 4.0 1.0 0.0
2216 349 2 5.0 1.0 0.0
2217 349 2 5.0 2.0 0.0
2218 349 2 5.0 3.0 0.0
2219 349 2 5.0 4.0 0.0
2220 349 2 5.0 5.0 0.0
2221 349 2 5.0 6.0 0.0
2222 349 2 5.0 7.0 0.0
2223 349 2 5.0 8.0 0.0
2224 349 2 5.0 9.0 0.0
2225 349 2 5.0 10.0 0.0
2226 349 2 5.0 11.0 0.0
2227 349 2 5.0 12.0 0.0
2228 349 2 5.0 13.0 0.0
2229 349 2 5.0 14.0 0.0
2230 349 2 5.0 15.0 0.0
2231 349 2 5.0 16.0 0.0
2232 349 2 5.0 17.0 0.0
2233 349 2 5.0 18.0 0.0
2234 349 2 5.0 19.0 0.0
2235 349 2 5.0 20.0 0.0
2236 349 2 5.0 21.0 0.0
2237 349 2 5.0 22.0 0.0
2238 349 3 5.0 23.0 0.0
2239 350 3 13.0 14.0 0.0
2240 350 2 13.0 13.0 0.0
2241 350 2 13.0 12.0 0.0
2242 350 2 13.0 11.0 0.0
2243 350 2 13.0 10.0 0.0
2244 350 2 12.0 10.0 0.0
2245 350 2 11.0 10.0 0.0
2246 350 2 10.0 10.0 0.0
2247 350 2 10.0 11.0 0.0
2248 350 2 10.0 12.0 0.0
2249 350 2 10.0 13.0 0.0
2250 350 2 10.0 14.0 0.0
2251 350 2 10.0 15.0 0.0
2252 350 2 10.0 16.0 0.0
2253 350 2 10.0 17.0 0.0
2254 350 2 10.0 18.0 0.0
2255 350 2 10.0 19.0 0.0
2256 350 2 10.0 20.0 0.0
2257 350 2 10.0 21.0 0.0
2258 350 2 10.0 22.0 0.0
2259 350 2 10.0 23.0 0.0
2260 350 2 10.0 24.0 0.0
2261 350 2 11.0 24.0 0.0
2262 350 2 12.0 24.0 0.0
2263 350 2 13.0 24.0 0.0
2264 350 2 14.0 24.0 0.0
2265 350 2 14.0 23.0 0.0
2266 350 2 14.0 22.0 0.0
2267 350 2 14.0 21.0 0.0
2268 350 3 14.0 20.0 0.0
2269 351 3 17.0 6.0 0.0
2270 351 2 17.0 5.0 0.0
2271 351 2 17.0 4.0 0.0
2272 351 2 17.0 3.0 0.0
2273 351 2 16.0 3.0 0.0
2274 351 2 15.0 3.0 0.0
2275 351 2 14.0 3.0 0.0
2276 351 2 13.0 3.0 0.0
2277 351 2 12.0 3.0 0.0
2278 351 2 11.0 3.0 0.0
2279 351 2 10.0 3.0 0.0
2280 351 2 10.0 4.0 0.0
2281 351 2 10.0 5.0 0.0
2282 351 2 10.0 6.0 0.0
2283 351 2 10.0 7.0 0.0
2284 351 2 11.0 7.0 0.0
2285 351 2 12.0 7.0 0.0
2286 351 2 13.0 7.0 0.0
2287 351 2 14.0 7.0 0.0
2288 351 2 15.0 7.0 0.0
2289 351 2 16.0 7.0 0.0
2290 351 2 17.0 7.0 0.0
2291 351 2 18.0 7.0 0.0
2292 351 2 19.0 7.0 0.0
2293 351 2 20.0 7.0 0.0
2294 351 2 21.0 7.0 0.0
2295 351 2 22.0 7.0 0.0
2296 351 2 23.0 7.0 0.0
2297 351 2 24.0 7.0 0.0
2298 351 3 25.0 7.0 0.0
2299 352 3 25.0 23.0 0.0
2300 352 2 25.0 22.0 0.0
2301 352 2 25.0 21.0 0.0
2302 352 2 25.0 20.0 0.0
2303 352 2 25.0 19.0 0.0
2304 352 2 25.0 18.0 0.0
2305 352 2 25.0 17.0 0.0
2306 352 2 25.0 16.0 0.0
2307 352 2 25.0 15.0 0.0
2308 352 2 25.0 14.0 0.0
2309 352 2 25.0 13.0 0.0
2310 352 2 25.0 12.0 0.0
2311 352 2 25.0 11.0 0.0
2312 352 2 25.0 10.0 0.0
2313 352 2 25.0 9.0 0.0
2314 352 2 25.0 8.0 0.0
2315 352 2 26.0 8.0 0.0
2316 352 2 27.0 8.0 0.0
2317 352 2 28.0 8.0 0.0
2318 352 2 28.0 7.0 0.0
2319 352 2 28.0 6.0 0.0
2320 352 2 28.0 5.0 0.0
2321 352 2 28.0 4.0 0.0
2322 352 2 28.0 3.0 0.0
2323 352 2 27.0 3.0 0.0
2324 352 2 26.0 3.0 0.0
2325 352 2 25.0 3.0 0.0
2326 352 2 24.0 3.0 0.0
2327 352 2 23.0 3.0 0.0
2328 352 3 22.0 3.0 0.0
2329 353 3 1.0 21.0 0.0
2330 353 2 0.0 21.0 0.0
2331 353 2 0.0 22.0 0.0
2332 353 2 0.0 23.0 0.0
2333 353 2 0.0 24.0 0.0
2334 353 2 0.0 25.0 0.0
2335 353 2 0.0 26.0 0.0
2336 353 2 0.0 27.0 0.0
2337 353 2 0.0 28.0 0.0
2338 353 2 0.0 29.0 0.0
2339 353 2 1.0 29.0 0.0
2340 353 2 2.0 29.0 0.0
2341 353 2 3.0 29.0 0.0
2342 353 2 4.0 29.0 0.0
2343 353 2 5.0 29.0 0.0
2344 353 2 6.0 29.0 0.0
2345 353 2 7.0 29.0 0.0
2346 353 2 8.0 29.0 0.0
2347 353 2 9.0 29.0 0.0
2348 353 2 10.0 29.0 0.0
2349 353 2 11.0 29.0 0.0
2350 353 2 12.0 29.0 0.0
2351 353 2 13.0 29.0 0.0
2352 353 2 14.0 29.0 0.0
2353 353 2 15.0 29.0 0.0
2354 353 2 16.0 29.0 0.0
2355 353 2 17.0 29.0 0.0
2356 353 2 17.0 28.0 0.0
2357 353 2 17.0 27.0 0.0
2358 353 3 17.0 26.0 0.0
2359 354 3 13.0 19.0 0.0
2360 354 2 13.0 20.0 0.0
2361 354 2 13.0 21.0 0.0
2362 354 2 13.0 22.0 0.0
2363 354 2 13.0 23.0 0.0
2364 354 2 12.0 23.0 0.0
2365 354 2 11.0 23.0 0.0
2366 354 2 11.0 22.0 0.0
2367 354 2 11.0 21.0 0.0
2368 354 2 11.0 20.0 0.0
2369 354 2 11.0 19.0 0.0
2370 354 2 11.0 18.0 0.0
2371 354 2 11.0 17.0 0.0
2372 354 2 11.0 16.0 0.0
2373 354 2 11.0 15.0 0.0
2374 354 2 11.0 14.0 0.0
2375 354 2 11.0 13.0 0.0
2376 354 2 11.0 12.0 0.0
2377 354 2 11.0 11.0 0.0
2378 354 2 12.0 11.0 0.0
2379 354 2 12.0 12.0 0.0
2380 354 2 12.0 13.0 0.0
2381 354 2 12.0 14.0 0.0
2382 354 2 12.0 15.0 0.0
2383 354 2 12.0 16.0 0.0
2384 354 2 12.0 17.0 0.0
2385 354 2 12.0 18.0 0.0
2386 354 2 12.0 19.0 0.0
2387 354 2 12.0 20.0 0.0
2388 354 3 12.0 21.0 0.0
2389 355 3 3.0 8.0 1.0
2390 355 2 3.0 9.0 1.0
2391 355 2 3.0 10.0 1.0
2392 355 2 3.0 11.0 1.0
2393 355 2 3.0 12.0 1.0
2394 355 2 2.0 12.0 1.0
2395 355 2 1.0 12.0 1.0
2396 355 2 0.0 12.0 1.0
2397 355 2 0.0 11.0 1.0
2398 355 2 0.0 10.0 1.0
2399 355 2 0.0 9.0 1.0
2400 355 2 0.0 8.0 1.0
2401 355 2 0.0 7.0 1.0
2402 355 2 0.0 6.0 1.0
2403 355 2 0.0 5.0 1.0
2404 355 2 0.0 4.0 1.0
2405 355 2 0.0 3.0 1.0
2406 355 2 0.0 2.0 1.0
2407 355 2 0.0 1.0 1.0
2408 355 2 0.0 0.0 1.0
2409 355 2 1.0 0.0 1.0
2410 355 2 2.0 0.0 1.0
2411 355 2 3.0 0.0 1.0
2412 355 2 4.0 0.0 1.0
2413 355 2 5.0 0.0 1.0
2414 355 2 6.0 0.0 1.0
2415 355 2 7.0 0.0 1.0
2416 355 2 8.0 0.0 1.0
2417 355 2 9.0 0.0 1.0
2418 355 3 10.0 0.0 1.0
2419 356 3 28.0 4.0 1.0
2420 356 2 27.0 4.0 1.0
2421 356 2 26.0 4.0 1.0
2422 356 2 25.0 4.0 1.0
2423 356 2 24.0 4.0 1.0
2424 356 2 23.0 4.0 1.0
2425 356 2 22.0 4.0 1.0
2426 356 2 21.0 4.0 1.0
2427 356 2 20.0 4.0 1.0
2428 356 2 19.0 4.0 1.0
2429 356 2 18.0 4.0 1.0
2430 356 2 17.0 4.0 1.0
2431 356 2 16.0 4.0 1.0
2432 356 2 15.0 4.0 1.0
2433 356 2 14.0 4.0 1.0
2434 356 2 13.0 4.0 1.0
2435 356 2 12.0 4.0 1.0
2436 356 2 11.0 4.0 1.0
2437 356 2 11.0 5.0 1.0
2438 356 2 11.0 6.0 1.0
2439 356 2 11.0 7.0 1.0
2440 356 2 11.0 8.0 1.0
2441 356 2 11.0 9.0 1.0
2442 356 2 11.0 10.0 1.0
2443 356 2 11.0 11.0 1.0
2444 356 2 11.0 12.0 1.0
2445 356 2 11.0 13.0 1.0
2446 356 2 11.0 14.0 1.0
2447 356 2 11.0 15.0 1.0
2448 356 3 11.0 16.0 1.0
2449 357 3 16.0 21.0 1.0
2450 357 2 15.0 21.0 1.0
2451 357 2 14.0 21.0 1.0
2452 357 2 13.0 21.0 1.0
2453 357 2 12.0 21.0 1.0
2454 357 2 11.0 21.0 1.0
2455 357 2 11.0 22.0 1.0
2456 357 2 11.0 23.0 1.0
2457 357 2 11.0 24.0 1.0
2458 357 2 11.0 25.0 1.0
2459 357 2 11.0 26.0 1.0
2460 357 2 11.0 27.0 1.0
2461 357 2 11.0 28.0 1.0
2462 357 2 11.0 29.0 1.0
2463 357 2 12.0 29.0 1.0
2464 357 2 13.0 29.0 1.0
2465 357 2 14.0 29.0 1.0
2466 357 2 15.0 29.0 1.0
2467 357 2 16.0 29.0 1.0
2468 357 2 17.0 29.0 1.0
2469 357 2 18.0 29.0 1.0
2470 357 2 19.0 29.0 1.0
2471 357 2 20.0 29.0 1.0
2472 357 2 21.0 29.0 1.0
2473 357 2 22.0 29.0 1.0
2474 357 2 23.0 29.0 1.0
2475 357 2 24.0 29.0 1.0
2476 357 2 25.0 29.0 1.0
2477 357 2 26.0 29.0 1.0
2478 357 3 27.0 29.0 1.0
2479 358 3 25.0 1.0 1.0
2480 358 2 24.0 1.0 1.0
2481 358 2 23.0 1.0 1.0
2482 358 2 22.0 1.0 1.0
2483 358 2 21.0 1.0 1.0
2484 358 2 20.0 1.0 1.0
2485 358 2 19.0 1.0 1.0
2486 358 2 18.0 1.0 1.0
2487 358 2 17.0 1.0 1.0
2488 358 2 16.0 1.0 1.0
2489 358 2 15.0 1.0 1.0
2490 358 2 14.0 1.0 1.0
2491 358 2 13.0 1.0 1.0
2492 358 2 12.0 1.0 1.0
2493 358 2 11.0 1.0 1.0
2494 358 2 10.0 1.0 1.0
2495 358 2 9.0 1.0 1.0
2496 358 2 8.0 1.0 1.0
2497 358 2 7.0 1.0 1.0
2498 358 2 6.0 1.0 1.0
2499 358 2 5.0 1.0 1.0
2500 358 2 4.0 1.0 1.0
2501 358 2 3.0 1.0 1.0
2502 358 2 2.0 1.0 1.0
2503 358 2 1.0 1.0 1.0
2504 358 2 1.0 2.0 1.0
2505 358 2 1.0 3.0 1.0
2506 358 2 1.0 4.0 1.0
2507 358 2 1.0 5.0 1.0
2508 358 3 1.0 6.0 1.0
2509 359 3 2.0 26.0 1.0
2510 359 2 1.0 26.0 1.0
2511 359 2 0.0 26.0 1.0
2512 359 2 0.0 25.0 1.0
2513 359 2 0.0 24.0 1.0
2514 359 2 0.0 23.0 1.0
2515 359 2 0.0 22.0 1.0
2516 359 2 0.0 21.0 1.0
2517 359 2 0.0 20.0 1.0
2518 359 2 0.0 19.0 1.0
2519 359 2 0.0 18.0 1.0
2520 359 2 0.0 17.0 1.0
2521 359 2 0.0 16.0 1.0
2522 359 2 0.0 15.0 1.0
2523 359 2 0.0 14.0 1.0
2524 359 2 0.0 13.0 1.0
2525 359 2 1.0 13.0 1.0
2526 359 2 2.0 13.0 1.0
2527 359 2 2.0 14.0 1.0
2528 359 2 2.0 15.0 1.0
2529 359 2 2.0 16.0 1.0
2530 359 2 2.0 17.0 1.0
2531 359 2 2.0 18.0 1.0
2532 359 2 2.0 19.0 1.0
2533 359 2 2.0 20.0 1.0
2534 359 2 2.0 21.0 1.0
2535 359 2 2.0 22.0 1.0
2536 359 2 2.0 23.0 1.0
2537 359 2 2.0 24.0 1.0
2538 359 3 2.0 25.0 1.0
2539 360 3 21.0 6.0 1.0
2540 360 2 21.0 7.0 1.0
2541 360 2 21.0 8.0 1.0
2542 360 2 21.0 9.0 1.0
2543 360 2 21.0 10.0 1.0
2544 360 2 21.0 11.0 1.0
2545 360 2 21.0 12.0 1.0
2546 360 2 21.0 13.0 1.0
2547 360 2 21.0 14.0 1.0
2548 360 2 21.0 15.0 1.0
2549 360 2 21.0 16.0 1.0
2550 360 2 21.0 17.0 1.0
2551 360 2 21.0 18.0 1.0
2552 360 2 21.0 19.0 1.0
2553 360 2 21.0 20.0 1.0
2554 360 2 21.0 21.0 1.0
2555 360 2 21.0 22.0 1.0
2556 360 2 21.0 23.0 1.0
2557 360 2 21.0 24.0 1.0
2558 360 2 21.0 25.0 1.0
2559 360 2 21.0 26.0 1.0
2560 360 2 21.0 27.0 1.0
2561 360 2 21.0 28.0 1.0
2562 360 2 20.0 28.0 1.0
2563 360 2 19.0 28.0 1.0
2564 360 2 18.0 28.0 1.0
2565 360 2 17.0 28.0 1.0
2566 360 2 16.0 28.0 1.0
2567 360 2 15.0 28.0 1.0
2568 360 3 14.0 28.0 1.0
2569 361 3 12.0 26.0 1.0
2570 361 2 13.0 26.0 1.0
2571 361 2 14.0 26.0 1.0
2572 361 2 15.0 26.0 1.0
2573 361 2 16.0 26.0 1.0
2574 361 2 17.0 26.0 1.0
2575 361 2 18.0 26.0 1.0
2576 361 2 19.0 26.0 1.0
2577 361 2 20.0 26.0 1.0
2578 361 2 20.0 25.0 1.0
2579 361 2 20.0 24.0 1.0
2580 361 2 20.0 23.0 1.0
2581 361 2 20.0 22.0 1.0
2582 361 2 20.0 21.0 1.0
2583 361 2 20.0 20.0 1.0
2584 361 2 20.0 19.0 1.0
2585 361 2 20.0 18.0 1.0
2586 361 2 20.0 17.0 1.0
2587 361 2 20.0 16.0 1.0
2588 361 2 20.0 15.0 1.0
2589 361 2 20.0 14.0 1.0
2590 361 2 19.0 14.0 1.0
2591 361 2 18.0 14.0 1.0
2592 361 2 17.0 14.0 1.0
2593 361 2 16.0 14.0 1.0
2594 361 2 15.0 14.0 1.0
2595 361 2 14.0 14.0 1.0
2596 361 2 13.0 14.0 1.0
2597 361 2 12.0 14.0 1.0
2598 361 3 12.0 13.0 1.0
2599 362 3 7.0 17.0 1.0
2600 362 2 7.0 16.0 1.0
2601 362 2 7.0 15.0 1.0
2602 362 2 7.0 14.0 1.0
2603 362 2 7.0 13.0 1.0
2604 362 2 7.0 12.0 1.0
2605 362 2 6.0 12.0 1.0
2606 362 2 5.0 12.0 1.0
2607 362 2 4.0 12.0 1.0
2608 362 2 4.0 13.0 1.0
2609 362 2 4.0 14.0 1.0
2610 362 2 4.0 15.0 1.0
2611 362 2 4.0 16.0 1.0
2612 362 2 4.0 17.0 1.0
2613 362 2 4.0 18.0 1.0
2614 362 2 4.0 19.0 1.0
2615 362 2 4.0 20.0 1.0
2616 362 2 4.0 21.0 1.0
2617 362 2 4.0 22.0 1.0
2618 362 2 4.0 23.0 1.0
2619 362 2 4.0 24.0 1.0
2620 362 2 4.0 25.0 1.0
2621 362 2 4.0 26.0 1.0
2622 362 2 4.0 27.0 1.0
2623 362 2 4.0 28.0 1.0
2624 362 2 4.0 29.0 1.0
2625 362 2 5.0 29.0 1.0
2626 362 2 6.0 29.0 1.0
2627 362 2 7.0 29.0 1.0
2628 362 3 8.0 29.0 1.0
2629 363 3 25.0 17.0 1.0
2630 363 2 24.0 17.0 1.0
2631 363 2 23.0 17.0 1.0
2632 363 2 22.0 17.0 1.0
2633 363 2 22.0 18.0 1.0
2634 363 2 22.0 19.0 1.0
2635 363 2 22.0 20.0 1.0
2636 363 2 22.0 21.0 1.0
2637 363 2 22.0 22.0 1.0
2638 363 2 22.0 23.0 1.0
2639 363 2 22.0 24.0 1.0
2640 363 2 22.0 25.0 1.0
2641 363 2 22.0 26.0 1.0
2642 363 2 22.0 27.0 1.0
2643 363 2 22.0 28.0 1.0
2644 363 2 23.0 28.0 1.0
2645 363 2 24.0 28.0 1.0
2646 363 2 25.0 28.0 1.0
2647 363 2 26.0 28.0 1.0
2648 363 2 27.0 28.0 1.0
2649 363 2 28.0 28.0 1.0
2650 363 2 29.0 28.0 1.0
2651 363 2 29.0 27.0 1.0
2652 363 2 29.0 26.0 1.0
2653 363 2 29.0 25.0 1.0
2654 363 2 29.0 24.0 1.0
2655 363 2 29.0 23.0 1.0
2656 363 2 29.0 22.0 1.0
2657 363 2 29.0 21.0 1.0
2658 363 3 29.0 20.0 1.0
2659 364 3 23.0 14.0 1.0
2660 364 2 24.0 14.0 1.0
2661 364 2 25.0 14.0 1.0
2662 364 2 26.0 14.0 1.0
2663 364 2 27.0 14.0 1.0
2664 364 2 27.0 15.0 1.0
2665 364 2 28.0 15.0 1.0
2666 364 2 29.0 15.0 1.0
2667 364 2 29.0 16.0 1.0
2668 364 2 29.0 17.0 1.0
2669 364 2 29.0 18.0 1.0
2670 364 2 29.0 19.0 1.0
2671 364 2 28.0 19.0 1.0
2672 364 2 27.0 19.0 1.0
2673 364 2 26.0 19.0 1.0
2674 364 2 25.0 19.0 1.0
2675 364 2 24.0 19.0 1.0
2676 364 2 23.0 19.0 1.0
2677 364 2 23.0 20.0 1.0
2678 364 2 23.0 21.0 1.0
2679 364 2 23.0 22.0 1.0
2680 364 2 23.0 23.0 1.0
2681 364 2 23.0 24.0 1.0
2682 364 2 23.0 25.0 1.0
2683 364 2 23.0 26.0 1.0
2684 364 2 23.0 27.0 1.0
2685 364 2 24.0 27.0 1.0
2686 364 2 25.0 27.0 1.0
2687 364 2 26.0 27.0 1.0
2688 364 3 27.0 27.0 1.0
2689 365 3 10.0 10.0 1.0
2690 365 2 10.0 9.0 1.0
2691 365 2 10.0 8.0 1.0
2692 365 2 10.0 7.0 1.0
2693 365 2 10.0 6.0 1.0
2694 365 2 10.0 5.0 1.0
2695 365 2 9.0 5.0 1.0
2696 365 2 8.0 5.0 1.0
2697 365 2 7.0 5.0 1.0
2698 365 2 6.0 5.0 1.0
2699 365 2 5.0 5.0 1.0
2700 365 2 4.0 5.0 1.0
2701 365 2 3.0 5.0 1.0
2702 365 2 2.0 5.0 1.0
2703 365 2 2.0 4.0 1.0
2704 365 2 2.0 3.0 1.0
2705 365 2 2.0 2.0 1.0
2706 365 2 3.0 2.0 1.0
2707 365 2 4.0 2.0 1.0
2708 365 2 5.0 2.0 1.0
2709 365 2 6.0 2.0 1.0
2710 365 2 7.0 2.0 1.0
2711 365 2 8.0 2.0 1.0
2712 365 2 9.0 2.0 1.0
2713 365 2 10.0 2.0 1.0
2714 365 2 11.0 2.0 1.0
2715 365 2 12.0 2.0 1.0
2716 365 2 13.0 2.0 1.0
2717 365 2 14.0 2.0 1.0
2718 365 3 15.0 2.0 1.0
2719 366 3 9.0 24.0 1.0
2720 366 2 9.0 23.0 1.0
2721 366 2 9.0 22.0 1.0
2722 366 2 9.0 21.0 1.0
2723 366 2 9.0 20.0 1.0
2724 366 2 9.0 19.0 1.0
2725 366 2 9.0 18.0 1.0
2726 366 2 9.0 17.0 1.0
2727 366 2 9.0 16.0 1.0
2728 366 2 9.0 15.0 1.0
2729 366 2 9.0 14.0 1.0
2730 366 2 9.0 13.0 1.0
2731 366 2 9.0 12.0 1.0
2732 366 2 8.0 12.0 1.0
2733 366 2 8.0 13.0 1.0
2734 366 2 8.0 14.0 1.0
2735 366 2 8.0 15.0 1.0
2736 366 2 8.0 16.0 1.0
2737 366 2 8.0 17.0 1.0
2738 366 2 8.0 18.0 1.0
2739 366 2 8.0 19.0 1.0
2740 366 2 8.0 20.0 1.0
2741 366 2 8.0 21.0 1.0
2742 366 2 8.0 22.0 1.0
2743 366 2 8.0 23.0 1.0
2744 366 2 8.0 24.0 1.0
2745 366 2 8.0 25.0 1.0
2746 366 2 8.0 26.0 1.0
2747 366 2 8.0 27.0 1.0
2748 366 3 8.0 28.0 1.0
2749 367 3 19.0 6.0 2.0
2750 367 2 20.0 6.0 2.0
2751 367 2 21.0 6.0 2.0
2752 367 2 22.0 6.0 2.0
2753 367 2 23.0 6.0 2.0
2754 367 2 24.0 6.0 2.0
2755 367 2 25.0 6.0 2.0
2756 367 2 26.0 6.0 2.0
2757 367 2 27.0 6.0 2.0
2758 367 2 28.0 6.0 2.0
2759 367 2 28.0 5.0 2.0
2760 367 2 28.0 4.0 2.0
2761 367 2 28.0 3.0 2.0
2762 367 2 28.0 2.0 2.0
2763 367 2 28.0 1.0 2.0
2764 367 2 28.0 0.0 2.0
2765 367 2 27.0 0.0 2.0
2766 367 2 26.0 0.0 2.0
2767 367 2 25.0 0.0 2.0
2768 367 2 24.0 0.0 2.0
2769 367 2 23.0 0.0 2.0
2770 367 2 22.0 0.0 2.0
2771 367 2 21.0 0.0 2.0
2772 367 2 20.0 0.0 2.0
2773 367 2 19.0 0.0 2.0
2774 367 2 18.0 0.0 2.0
2775 367 2 17.0 0.0 2.0
2776 367 2 16.0 0.0 2.0
2777 367 2 15.0 0.0 2.0
2778 367 3 14.0 0.0 2.0
2779 368 3 1.0 9.0 2.0
2780 368 2 1.0 10.0 2.0
2781 368 2 1.0 11.0 2.0
2782 368 2 1.0 12.0 2.0
2783 368 2 1.0 13.0 2.0
2784 368 2 1.0 14.0 2.0
2785 368 2 1.0 15.0 2.0
2786 368 2 1.0 16.0 2.0
2787 368 2 1.0 17.0 2.0
2788 368 2 1.0 18.0 2.0
2789 368 2 1.0 19.0 2.0
2790 368 2 1.0 20.0 2.0
2791 368 2 1.0 21.0 2.0
2792 368 2 1.0 22.0 2.0
2793 368 2 1.0 23.0 2.0
2794 368 2 1.0 24.0 2.0
2795 368 2 1.0 25.0 2.0
2796 368 2 1.0 26.0 2.0
2797 368 2 1.0 27.0 2.0
2798 368 2 1.0 28.0 2.0
2799 368 2 1.0 29.0 2.0
2800 368 2 2.0 29.0 2.0
2801 368 2 3.0 29.0 2.0
2802 368 2 4.0 29.0 2.0
2803 368 2 5.0 29.0 2.0
2804 368 2 6.0 29.0 2.0
2805 368 2 7.0 29.0 2.0
2806 368 2 8.0 29.0 2.0
2807 368 2 9.0 29.0 2.0
2808 368 3 10.0 29.0 2.0
2809 369 3 7.0 24.0 2.0
2810 369 2 7.0 25.0 2.0
2811 369 2 7.0 26.0 2.0
2812 369 2 7.0 27.0 2.0
2813 369 2 7.0 28.0 2.0
2814 369 2 6.0 28.0 2.0
2815 369 2 5.0 28.0 2.0
2816 369 2 4.0 28.0 2.0
2817 369 2 3.0 28.0 2.0
2818 369 2 2.0 28.0 2.0
2819 369 2 2.0 27.0 2.0
2820 369 2 2.0 26.0 2.0
2821 369 2 2.0 25.0 2.0
2822 369 2 2.0 24.0 2.0
2823 369 2 2.0 23.0 2.0
2824 369 2 2.0 22.0 2.0
2825 369 2 2.0 21.0 2.0
2826 369 2 2.0 20.0 2.0
2827 369 2 2.0 19.0 2.0
2828 369 2 2.0 18.0 2.0
2829 369 2 2.0 17.0 2.0
2830 369 2 2.0 16.0 2.0
2831 369 2 2.0 15.0 2.0
2832 369 2 2.0 14.0 2.0
2833 369 2 2.0 13.0 2.0
2834 369 2 2.0 12.0 2.0
2835 369 2 2.0 11.0 2.0
2836 369 2 2.0 10.0 2.0
2837 369 2 2.0 9.0 2.0
2838 369 3 2.0 8.0 2.0
2839 370 3 18.0 25.0 2.0
2840 370 2 17.0 25.0 2.0
2841 370 2 16.0 25.0 2.0
2842 370 2 15.0 25.0 2.0
2843 370 2 14.0 25.0 2.0
2844 370 2 13.0 25.0 2.0
2845 370 2 12.0 25.0 2.0
2846 370 2 11.0 25.0 2.0
2847 370 2 10.0 25.0 2.0
2848 370 2 9.0 25.0 2.0
2849 370 2 8.0 25.0 2.0
2850 370 2 8.0 26.0 2.0
2851 370 2 8.0 27.0 2.0
2852 370 2 8.0 28.0 2.0
2853 370 2 9.0 28.0 2.0
2854 370 2 10.0 28.0 2.0
2855 370 2 11.0 28.0 2.0
2856 370 2 12.0 28.0 2.0
2857 370 2 13.0 28.0 2.0
2858 370 2 14.0 28.0 2.0
2859 370 2 15.0 28.0 2.0
2860 370 2 16.0 28.0 2.0
2861 370 2 17.0 28.0 2.0
2862 370 2 18.0 28.0 2.0
2863 370 2 19.0 28.0 2.0
2864 370 2 20.0 28.0 2.0
2865 370 2 21.0 28.0 2.0
2866 370 2 22.0 28.0 2.0
2867 370 2 23.0 28.0 2.0
2868 370 3 24.0 28.0 2.0
2869 371 3 21.0 19.0 2.0
2870 371 2 21.0 20.0 2.0
2871 371 2 21.0 21.0 2.0
2872 371 2 21.0 22.0 2.0
2873 371 2 21.0 23.0 2.0
2874 371 2 21.0 24.0 2.0
2875 371 2 21.0 25.0 2.0
2876 371 2 21.0 26.0 2.0
2877 371 2 21.0 27.0 2.0
2878 371 2 22.0 27.0 2.0
2879 371 2 23.0 27.0 2.0
2880 371 2 24.0 27.0 2.0
2881 371 2 25.0 27.0 2.0
2882 371 2 26.0 27.0 2.0
2883 371 2 27.0 27.0 2.0
2884 371 2 28.0 27.0 2.0
2885 371 2 28.0 26.0 2.0
2886 371 2 28.0 25.0 2.0
2887 371 2 28.0 24.0 2.0
2888 371 2 28.0 23.0 2.0
2889 371 2 28.0 22.0 2.0
2890 371 2 28.0 21.0 2.0
2891 371 2 28.0 20.0 2.0
2892 371 2 28.0 19.0 2.0
2893 371 2 28.0 18.0 2.0
2894 371 2 28.0 17.0 2.0
2895 371 2 28.0 16.0 2.0
2896 371 2 28.0 15.0 2.0
2897 371 2 29.0 15.0 2.0
2898 371 3 29.0 16.0 2.0
2899 372 3 14.0 7.0 2.0
2900 372 2 14.0 6.0 2.0
2901 372 2 14.0 5.0 2.0
2902 372 2 14.0 4.0 2.0
2903 372 2 14.0 3.0 2.0
2904 372 2 14.0 2.0 2.0
2905 372 2 14.0 1.0 2.0
2906 372 2 15.0 1.0 2.0
2907 372 2 16.0 1.0 2.0
2908 372 2 17.0 1.0 2.0
2909 372 2 18.0 1.0 2.0
2910 372 2 19.0 1.0 2.0
2911 372 2 20.0 1.0 2.0
2912 372 2 21.0 1.0 2.0
2913 372 2 22.0 1.0 2.0
2914 372 2 23.0 1.0 2.0
2915 372 2 24.0 1.0 2.0
2916 372 2 25.0 1.0 2.0
2917 372 2 26.0 1.0 2.0
2918 372 2 27.0 1.0 2.0
2919 372 2 27.0 2.0 2.0
2920 372 2 27.0 3.0 2.0
2921 372 2 27.0 4.0 2.0
2922 372 2 27.0 5.0 2.0
2923 372 2 26.0 5.0 2.0
2924 372 2 25.0 5.0 2.0
2925 372 2 24.0 5.0 2.0
2926 372 2 23.0 5.0 2.0
2927 372 2 22.0 5.0 2.0
2928 372 3 21.0 5.