 Bonds

1 1 2059 2060
2 1 2060 2061
3 1 2061 2062
4 1 2062 2063
5 1 2063 2064
6 1 2064 2065
7 1 2065 2066
8 1 2066 2067
9 1 2067 2068
10 1 2068 2069
11 1 2069 2070
12 1 2070 2071
13 1 2071 2072
14 1 2072 2073
15 1 2073 2074
16 1 2074 2075
17 1 2075 2076
18 1 2076 2077
19 1 2077 2078
20 1 2078 2079
21 1 2079 2080
22 1 2080 2081
23 1 2081 2082
24 1 2082 2083
25 1 2083 2084
26 1 2084 2085
27 1 2085 2086
28 1 2086 2087
29 1 2087 2088
30 1 2089 2090
31 1 2090 2091
32 1 2091 2092
33 1 2092 2093
34 1 2093 2094
35 1 2094 2095
36 1 2095 2096
37 1 2096 2097
38 1 2097 2098
39 1 2098 2099
40 1 2099 2100
41 1 2100 2101
42 1 2101 2102
43 1 2102 2103
44 1 2103 2104
45 1 2104 2105
46 1 2105 2106
47 1 2106 2107
48 1 2107 2108
49 1 2108 2109
50 1 2109 2110
51 1 2110 2111
52 1 2111 2112
53 1 2112 2113
54 1 2113 2114
55 1 2114 2115
56 1 2115 2116
57 1 2116 2117
58 1 2117 2118
59 1 2119 2120
60 1 2120 2121
61 1 2121 2122
62 1 2122 2123
63 1 2123 2124
64 1 2124 2125
65 1 2125 2126
66 1 2126 2127
67 1 2127 2128
68 1 2128 2129
69 1 2129 2130
70 1 2130 2131
71 1 2131 2132
72 1 2132 2133
73 1 2133 2134
74 1 2134 2135
75 1 2135 2136
76 1 2136 2137
77 1 2137 2138
78 1 2138 2139
79 1 2139 2140
80 1 2140 2141
81 1 2141 2142
82 1 2142 2143
83 1 2143 2144
84 1 2144 2145
85 1 2145 2146
86 1 2146 2147
87 1 2147 2148
88 1 2149 2150
89 1 2150 2151
90 1 2151 2152
91 1 2152 2153
92 1 2153 2154
93 1 2154 2155
94 1 2155 2156
95 1 2156 2157
96 1 2157 2158
97 1 2158 2159
98 1 2159 2160
99 1 2160 2161
100 1 2161 2162
101 1 2162 2163
102 1 2163 2164
103 1 2164 2165
104 1 2165 2166
105 1 2166 2167
106 1 2167 2168
107 1 2168 2169
108 1 2169 2170
109 1 2170 2171
110 1 2171 2172
111 1 2172 2173
112 1 2173 2174
113 1 2174 2175
114 1 2175 2176
115 1 2176 2177
116 1 2177 2178
117 1 2179 2180
118 1 2180 2181
119 1 2181 2182
120 1 2182 2183
121 1 2183 2184
122 1 2184 2185
123 1 2185 2186
124 1 2186 2187
125 1 2187 2188
126 1 2188 2189
127 1 2189 2190
128 1 2190 2191
129 1 2191 2192
130 1 2192 2193
131 1 2193 2194
132 1 2194 2195
133 1 2195 2196
134 1 2196 2197
135 1 2197 2198
136 1 2198 2199
137 1 2199 2200
138 1 2200 2201
139 1 2201 2202
140 1 2202 2203
141 1 2203 2204
142 1 2204 2205
143 1 2205 2206
144 1 2206 2207
145 1 2207 2208
146 1 2209 2210
147 1 2210 2211
148 1 2211 2212
149 1 2212 2213
150 1 2213 2214
151 1 2214 2215
152 1 2215 2216
153 1 2216 2217
154 1 2217 2218
155 1 2218 2219
156 1 2219 2220
157 1 2220 2221
158 1 2221 2222
159 1 2222 2223
160 1 2223 2224
161 1 2224 2225
162 1 2225 2226
163 1 2226 2227
164 1 2227 2228
165 1 2228 2229
166 1 2229 2230
167 1 2230 2231
168 1 2231 2232
169 1 2232 2233
170 1 2233 2234
171 1 2234 2235
172 1 2235 2236
173 1 2236 2237
174 1 2237 2238
175 1 2239 2240
176 1 2240 2241
177 1 2241 2242
178 1 2242 2243
179 1 2243 2244
180 1 2244 2245
181 1 2245 2246
182 1 2246 2247
183 1 2247 2248
184 1 2248 2249
185 1 2249 2250
186 1 2250 2251
187 1 2251 2252
188 1 2252 2253
189 1 2253 2254
190 1 2254 2255
191 1 2255 2256
192 1 2256 2257
193 1 2257 2258
194 1 2258 2259
195 1 2259 2260
196 1 2260 2261
197 1 2261 2262
198 1 2262 2263
199 1 2263 2264
200 1 2264 2265
201 1 2265 2266
202 1 2266 2267
203 1 2267 2268
204 1 2269 2270
205 1 2270 2271
206 1 2271 2272
207 1 2272 2273
208 1 2273 2274
209 1 2274 2275
210 1 2275 2276
211 1 2276 2277
212 1 2277 2278
213 1 2278 2279
214 1 2279 2280
215 1 2280 2281
216 1 2281 2282
217 1 2282 2283
218 1 2283 2284
219 1 2284 2285
220 1 2285 2286
221 1 2286 2287
222 1 2287 2288
223 1 2288 2289
224 1 2289 2290
225 1 2290 2291
226 1 2291 2292
227 1 2292 2293
228 1 2293 2294
229 1 2294 2295
230 1 2295 2296
231 1 2296 2297
232 1 2297 2298
233 1 2299 2300
234 1 2300 2301
235 1 2301 2302
236 1 2302 2303
237 1 2303 2304
238 1 2304 2305
239 1 2305 2306
240 1 2306 2307
241 1 2307 2308
242 1 2308 2309
243 1 2309 2310
244 1 2310 2311
245 1 2311 2312
246 1 2312 2313
247 1 2313 2314
248 1 2314 2315
249 1 2315 2316
250 1 2316 2317
251 1 2317 2318
252 1 2318 2319
253 1 2319 2320
254 1 2320 2321
255 1 2321 2322
256 1 2322 2323
257 1 2323 2324
258 1 2324 2325
259 1 2325 2326
260 1 2326 2327
261 1 2327 2328
262 1 2329 2330
263 1 2330 2331
264 1 2331 2332
265 1 2332 2333
266 1 2333 2334
267 1 2334 2335
268 1 2335 2336
269 1 2336 2337
270 1 2337 2338
271 1 2338 2339
272 1 2339 2340
273 1 2340 2341
274 1 2341 2342
275 1 2342 2343
276 1 2343 2344
277 1 2344 2345
278 1 2345 2346
279 1 2346 2347
280 1 2347 2348
281 1 2348 2349
282 1 2349 2350
283 1 2350 2351
284 1 2351 2352
285 1 2352 2353
286 1 2353 2354
287 1 2354 2355
288 1 2355 2356
289 1 2356 2357
290 1 2357 2358
291 1 2359 2360
292 1 2360 2361
293 1 2361 2362
294 1 2362 2363
295 1 2363 2364
296 1 2364 2365
297 1 2365 2366
298 1 2366 2367
299 1 2367 2368
300 1 2368 2369
301 1 2369 2370
302 1 2370 2371
303 1 2371 2372
304 1 2372 2373
305 1 2373 2374
306 1 2374 2375
307 1 2375 2376
308 1 2376 2377
309 1 2377 2378
310 1 2378 2379
311 1 2379 2380
312 1 2380 2381
313 1 2381 2382
314 1 2382 2383
315 1 2383 2384
316 1 2384 2385
317 1 2385 2386
318 1 2386 2387
319 1 2387 2388
320 1 2389 2390
321 1 2390 2391
322 1 2391 2392
323 1 2392 2393
324 1 2393 2394
325 1 2394 2395
326 1 2395 2396
327 1 2396 2397
328 1 2397 2398
329 1 2398 2399
330 1 2399 2400
331 1 2400 2401
332 1 2401 2402
333 1 2402 2403
334 1 2403 2404
335 1 2404 2405
336 1 2405 2406
337 1 2406 2407
338 1 2407 2408
339 1 2408 2409
340 1 2409 2410
341 1 2410 2411
342 1 2411 2412
343 1 2412 2413
344 1 2413 2414
345 1 2414 2415
346 1 2415 2416
347 1 2416 2417
348 1 2417 2418
349 1 2419 2420
350 1 2420 2421
351 1 2421 2422
352 1 2422 2423
353 1 2423 2424
354 1 2424 2425
355 1 2425 2426
356 1 2426 2427
357 1 2427 2428
358 1 2428 2429
359 1 2429 2430
360 1 2430 2431
361 1 2431 2432
362 1 2432 2433
363 1 2433 2434
364 1 2434 2435
365 1 2435 2436
366 1 2436 2437
367 1 2437 2438
368 1 2438 2439
369 1 2439 2440
370 1 2440 2441
371 1 2441 2442
372 1 2442 2443
373 1 2443 2444
374 1 2444 2445
375 1 2445 2446
376 1 2446 2447
377 1 2447 2448
378 1 2449 2450
379 1 2450 2451
380 1 2451 2452
381 1 2452 2453
382 1 2453 2454
383 1 2454 2455
384 1 2455 2456
385 1 2456 2457
386 1 2457 2458
387 1 2458 2459
388 1 2459 2460
389 1 2460 2461
390 1 2461 2462
391 1 2462 2463
392 1 2463 2464
393 1 2464 2465
394 1 2465 2466
395 1 2466 2467
396 1 2467 2468
397 1 2468 2469
398 1 2469 2470
399 1 2470 2471
400 1 2471 2472
401 1 2472 2473
402 1 2473 2474
403 1 2474 2475
404 1 2475 2476
405 1 2476 2477
406 1 2477 2478
407 1 2479 2480
408 1 2480 2481
409 1 2481 2482
410 1 2482 2483
411 1 2483 2484
412 1 2484 2485
413 1 2485 2486
414 1 2486 2487
415 1 2487 2488
416 1 2488 2489
417 1 2489 2490
418 1 2490 2491
419 1 2491 2492
420 1 2492 2493
421 1 2493 2494
422 1 2494 2495
423 1 2495 2496
424 1 2496 2497
425 1 2497 2498
426 1 2498 2499
427 1 2499 2500
428 1 2500 2501
429 1 2501 2502
430 1 2502 2503
431 1 2503 2504
432 1 2504 2505
433 1 2505 2506
434 1 2506 2507
435 1 2507 2508
436 1 2509 2510
437 1 2510 2511
438 1 2511 2512
439 1 2512 2513
440 1 2513 2514
441 1 2514 2515
442 1 2515 2516
443 1 2516 2517
444 1 2517 2518
445 1 2518 2519
446 1 2519 2520
447 1 2520 2521
448 1 2521 2522
449 1 2522 2523
450 1 2523 2524
451 1 2524 2525
452 1 2525 2526
453 1 2526 2527
454 1 2527 2528
455 1 2528 2529
456 1 2529 2530
457 1 2530 2531
458 1 2531 2532
459 1 2532 2533
460 1 2533 2534
461 1 2534 2535
462 1 2535 2536
463 1 2536 2537
464 1 2537 2538
465 1 2539 2540
466 1 2540 2541
467 1 2541 2542
468 1 2542 2543
469 1 2543 2544
470 1 2544 2545
471 1 2545 2546
472 1 2546 2547
473 1 2547 2548
474 1 2548 2549
475 1 2549 2550
476 1 2550 2551
477 1 2551 2552
478 1 2552 2553
479 1 2553 2554
480 1 2554 2555
481 1 2555 2556
482 1 2556 2557
483 1 2557 2558
484 1 2558 2559
485 1 2559 2560
486 1 2560 2561
487 1 2561 2562
488 1 2562 