# Fix print output for fix def1
-0.000999999999999363 -0.107778120755506 0.106471690106798 -0.00548362631615999
-0.00199999999999913 -0.236407296211759 -0.0571455438048471 0.102224733184231
-0.00299999999999931 -0.289129154435492 0.0407604945178981 0.0383012844414963
-0.00399999999999908 -0.178881840660511 -0.0333747819897593 -0.0644901735405138
-0.00499999999999925 -0.16864721670975 0.038310703738855 0.119325526918024
-0.00599999999999902 -0.443224711661003 -0.0526749111586236 0.0624481188762617
-0.0069999999999992 -0.424546919135817 -0.0144766659222147 -0.12782486141632
-0.00799999999999937 -0.199093840399085 0.102981503681915 0.15856489483147
-0.00899999999999914 -0.498551709895823 -0.133722829814554 -0.0111799452654863
-0.00999999999999932 -0.466800105238227 0.165339911197189 -0.111845716806112
-0.0109999999999991 -0.419558289423981 -0.00175130661150652 0.0523640875706526
-0.0119999999999993 -0.314296343411697 -0.0640966567319561 -0.00434661477516109
-0.012999999999999 -0.460925850075705 -0.0807351946336461 0.0315671303437872
-0.0139999999999992 -0.520191493709612 0.0968515906899322 -0.0536623153399789
-0.0149999999999994 -0.482601567064673 -0.0331373847448974 0.0210336942076099
-0.0159999999999992 -0.474814146164513 -0.0325866816067546 -0.0539108526752919
-0.0169999999999993 -0.516519152633024 -0.115135743200438 0.0838676008456727
-0.0179999999999991 -0.52881587860033 0.0610578729262645 -0.00185231931612197
-0.0189999999999993 -0.591925639473687 -0.0286493190613057 -0.112017718172976
-0.019999999999999 -0.406721847959006 0.119703816368509 -0.029083506945453
-0.0209999999999992 -0.558911007277025 -0.0415842199432586 0.07493187692588
-0.0219999999999994 -0.721460221062872 -0.112494679920594 -0.0293887637766115
-0.0229999999999992 -0.569549407076153 0.00367269838305406 0.0606510732268657
-0.0239999999999993 -0.532110667392627 0.0292429103513684 0.0592309628516564
-0.0249999999999991 -0.554690240316557 -0.071252757229188 -0.0917611689862393
-0.0259999999999993 -0.635700226703431 -0.00841817650934101 0.0616717602217815
-0.0269999999999991 -0.70748423112891 -0.00666018314771653 -0.113618994542508
-0.0279999999999992 -0.554303015227341 0.13106074600968 -0.0218349718246136
-0.0289999999999992 -0.780661203939978 -0.144364354131352 0.0516105076308451
-0.0299999999999992 -0.692352233646079 0.018953873887621 0.0554494804496604
-0.0309999999999994 -0.747318669895028 -0.08298325656851 -0.0522061739057144
-0.0319999999999991 -0.799566033132723 0.0777223467694497 -0.016822465800049
-0.0329999999999993 -0.811607722904665 -0.0140002797591024 -0.0891625482819999
-0.0339999999999991 -0.755967210093363 0.0819703780668296 -0.0322390550212446
-0.0349999999999992 -0.829410047021554 0.0528753635826558 0.0681833200631406
-0.0359999999999992 -0.996643828808946 -0.144341295141568 -0.0965181950167277
-0.0369999999999992 -0.750159728271251 0.0659874469326712 0.0996867170064876
-0.0379999999999994 -0.941507067156164 -0.106034950113153 -0.00693383123073111
-0.0389999999999991 -0.869959321246678 -0.0930154914318399 -0.0180567472827716
-0.0399999999999993 -0.93986823544707 0.0704860011986649 -0.00530658566613161
-0.0409999999999991 -1.15938686315556 -0.0498667109818579 -0.100561781676151
-0.0419999999999993 -0.902843066547783 0.00609698826487289 0.0774212947406712
-0.0429999999999992 -0.980114242885197 0.0366944139905337 0.0528717305623847
-0.0439999999999992 -1.08196909506941 -0.0614568117856436 -0.103179610026788
-0.0449999999999994 -0.974016236954685 -0.0155476796712111 0.0749805523998548
-0.0459999999999991 -1.06397337433791 -0.0016953516332717 -0.0863750739564631
-0.0469999999999993 -1.06673442593616 0.0537276302894035 0.0772871498194635
-0.0479999999999991 -1.05141176423219 -0.0646122642339734 -0.0929650094830182
-0.0489999999999993 -1.15561625048727 -0.0396333531114371 0.0993805270770365
-0.0499999999999992 -0.994799492045183 0.104373499502894 -0.0169339251862189
-0.0509999999999992 -1.01341316445192 -0.0331749964343612 -0.0773748351186661
-0.0519999999999994 -0.975785525988883 -0.0107788580065665 0.0321032022286125
-0.0529999999999992 -1.00579854331199 -0.0473860858628721 0.00442131681168777
-0.0539999999999993 -1.12826472164701 -0.0257998533463902 -0.0265331358796865
-0.0549999999999991 -1.07068775752975 0.0383766187288803 0.0109365642024748
-0.0559999999999993 -1.15349997798955 -0.0523512295540072 -0.077808651303921
-0.0569999999999993 -1.11902777544824 0.0652788650965829 0.0288016600351849
-0.0579999999999992 -1.03867722878572 0.00306495071644191 0.0462007564103836
-0.0589999999999994 -1.1115601480173 -0.152560213816129 0.0914168240658907
-0.0599999999999992 -0.952959373841238 -0.00208655059951313 -0.0141893512367972
-0.0609999999999993 -1.12528961055237 -0.0106109654986772 0.036947114999259
-0.0619999999999991 -1.00285843654312 -0.0782630916369103 -0.066172035155395
-0.0629999999999993 -0.912072044333867 0.194409873323309 0.0489788286954438
-0.0639999999999993 -1.024343540138 -0.233812847115745 -0.0984121905915863
-0.0649999999999992 -1.05697093211119 0.0305301002890253 0.16408038560432
-0.0659999999999994 -1.19105099872497 -0.00363133808758092 -0.198230589136362
-0.0669999999999992 -1.00237279121894 0.0760760253257746 0.0134316638444162
-0.0679999999999994 -1.13951398029943 -0.0503119578272244 0.125274659497742
-0.0689999999999991 -1.14580660459212 -0.120251612946483 -0.00709327161657291
-0.0699999999999993 -0.99020616960794 0.138619741839568 0.0309192616393396
-0.0709999999999993 -1.26013516209735 -0.111691312444812 -0.0737305280946989
-0.0719999999999992 -1.02526880420516 0.01804703551747 0.00423213933724901
-0.0729999999999994 -0.990751260619691 0.00151845283771525 -0.0428219653112121
-0.0739999999999992 -1.04374619276925 -0.0212514992050954 -0.0623192528489551
-0.0749999999999994 -0.873312590667457 0.0478696316691569 0.198082423058482
-0.0759999999999991 -0.920474084288053 0.0806486620062691 -0.22959823353191
-0.0769999999999993 -0.813448638501688 0.0151351538919983 0.095111795024699
-0.0779999999999993 -1.02740741557156 -0.130001439966244 0.102591129183722
-0.0789999999999993 -0.931284687576195 0.0400461132251834 -0.00249986847098024
-0.0799999999999994 -0.828499572815979 -0.0177232751900378 0.115942653256127
-0.0809999999999992 -0.929295928862951 -0.00400826633631034 -0.132326379885214
-0.0819999999999994 -0.842069081626629 0.0330620867399296 0.00452212759055974
-0.0829999999999991 -0.813041134461085 -0.0452367072121523 0.0245971048236937
-0.0839999999999993 -0.884736327874646 0.0293007355300949 -0.0470954362245533
-0.0849999999999993 -0.850833013994712 0.0609383076449447 0.0137697219481925
-0.0859999999999993 -0.870122194111208 -0.085323202157164 -0.0545236546353506
-0.0869999999999993 -0.724267545503977 0.0486142336825645 0.0553282953797015
-0.0879999999999992 -0.837987324947603 -0.0427981999624858 0.0798088962088956
-0.0889999999999994 -0.905647779209414 -0.0801669477302836 -0.0180983621723672
-0.0899999999999992 -0.752286918156568 0.0519775610473008 0.0541751989948597
-0.0909999999999993 -0.939749591804894 0.020241785223599 -0.186263576594003
-0.0919999999999992 -0.776258589459712 0.115478614382062 0.0773474523593652
-0.0929999999999993 -0.89388728462468 -0.132286084436395 -0.129075734837839
-0.0939999999999993 -0.687985795857598 0.0881885873510495 0.243112354973534
-0.0949999999999992 -0.993752598216959 -0.1767534880169 -0.119266106351472
-0.0959999999999994 -0.950245847993225 0.0374392944499554 0.0709878428163397
-0.0969999999999992 -1.06800196793211 -0.0927038332809243 -0.0754889446311618
-0.0979999999999993 -1.00748185516043 0.0782882923523906 0.0634383824247558
-0.0989999999999992 -1.00416273310079 0.0255302692742539 -0.100291412145936
-0.0999999999999993 -0.8673916952089 0.0282250340156437 0.0979717436959048
-0.100999999999999 -0.951500524551607 -0.0811115640046819 -0.0615990052591878
-0.101999999999999 -0.825485121743295 0.0579435126606537 0.178863345175625
-0.102999999999999 -1.121259788485 -0.0128717627810163 -0.130974498630188
-0.103999999999999 -0.995666837211467 0.0703676221149654 0.056001374371008
-0.104999999999999 -1.07049924319488 -0.0219620232753069 -0.0682114018883431
-0.105999999999999 -1.1596058759823 0.0847202095869365 -0.0354818522717007
-0.106999999999999 -1.11848866060051 0.026748670912864 -0.0654691401419739
-0.107999999999999 -1.16847766901363 -0.14095317245888 0.0702331528931764
-0.108999999999999 -1.25549449753787 0.0803975133559186 -0.0537700567748394
-0.109999999999999 -1.20507219042364 -0.159448729474751 0.00662478796336841
-0.110999999999999 -1.15984483947103 0.117283567493462 0.0608176997847726
-0.111999999999999 -1.18475374566189 -0.168328802138621 -0.0870590189203204
-0.112999999999999 -1.03079855424834 0.122473176190193 0.090903388117868
-0.113999999999999 -1.20102710784558 -0.0236197209667299 -0.136750410902521
-0.114999999999999 -1.30986880381762 0.0832172486626539 -0.00385315319397139
-0.115999999999999 -1.29168498925573 -0.14707049530269 -0.049460850991554
-0.116999999999999 -1.15033355926741 0.064550437384696 0.0827463109058609
-0.117999999999999 -1.15036316802955 -0.0331624013779756 -0.00136959263376661
-0.118999999999999 -1.00011251931594 0.138958750152355 0.0286897346175762
-0.119999999999999 -1.08559687772789 0.0306766422167841 -0.0394309183406978
-0.120999999999999 -1.25807184658585 -0.143197267272218 0.0707433916782235
-0.121999999999999 -1.20471919841605 0.0110727656032438 -0.0552669687795175
-0.122999999999999 -1.25273034039762 0.00346759256772245 -0.0117748643828109
-0.123999999999999 -1.3286268444668 -0.0415773546819344 -0.0459914242754988
-0.124999999999999 -1.28769422401964 0.00853368583017689 -0.00570618822800653
-0.125999999999999 -1.32021030530204 -0.137115851960322 0.0369287302152207
-0.126999999999999 -1.15335207338306 0.0891840152839239 0.0301600734680135
-0.127999999999999 -1.22637158414693 0.02305184610799 -0.117138950982482
-0.128999999999999 -1.14537579746791 -0.00433174284134451 0.0141341989070611
-0.129999999999999 -1.364893143405 0.0467882815677193 -0.0231245424275003
-0.130999999999999 -1.19283875363068 -0.0999783133928048 -0.0584453467246384
-0.131999999999999 -1.14259103524708 -0.0148478505776261 0.191210233268661
-0.132999999999999 -1.23023174593974 -0.0638199049854603 -0.0716297528479713
-0.133999999999999 -1.23287515650492 0.0919261934753187 0.0797188837074314
-0.134999999999999 -1.3202539476829 0.0308042377922345 -0.115287032087753
-0.135999999999999 -1.30205092052004 -0.0889958308224274 0.00722808910832436
-0.136999999999999 -1.04850309513281 0.0124895994863031 0.140894683432152
-0.137999999999999 -1.13814535551173 -0.0202577896540634 -0.0196852604585996
-0.138999999999999 -1.19543346985567 0.0447538508914591 -0.0241805099263046
-0.139999999999999 -1.22780412573193 0.0283289313888625 -0.00783612585557214
-0.140999999999999 -1.24592017539901 0.0203848127569372 -0.0835659311915909
-0.141999999999999 -1.10283481509196 -0.139348358002099 -0.0123181342200287
-0.142999999999999 -1.01883612980604 0.00139789317551118 0.0762197553871762
-0.143999999999999 -1.07322482726563 0.0576049554557703 -0.00243314096417036
-0.144999999999999 -1.00102564176586 -0.0493319725053773 -0.1070183240861
-0.145999999999999 -1.08101450656232 -0.0315823221198567 0.0887980353502219
-0.146999999999999 -1.04998193362703 -0.0127001889115336 -0.0141038157160202
-0.147999999999999 -0.993191273335573 0.085510012391102 0.0977249419755701
-0.148999999999999 -0.912116898474973 -0.0206731675202177 -0.0312365796213969
-0.149999999999999 -0.794117559932948 0.191392836913032 0.0352156696479832
-0.150999999999999 -0.93668120907664 -0.0766236168445907 -0.14368708386462
-0.151999999999999 -0.917747539877627 -0.0500962484598875 0.125728626210411
-0.152999999999999 -1.02292598708585 -0.108299114413272 0.0616621498855607
-0.153999999999999 -0.919278634639813 0.0771320491920952 -0.00189109301330983
-0.154999999999999 -0.915673677383987 -0.0593467638313924 -0.0342549373858074
-0.155999999999999 -0.831547171598232 0.0695522876755108 -0.0775661231132248
-0.156999999999999 -0.864723227363841 -0.0604119225196519 0.0261852666696405
-0.157999999999999 -0.933073783013312 -0.0715651474377467 0.0352434433697671
-0.158999999999999 -1.05813546368629 0.00713192481206769 -0.0252528941905693
-0.159999999999999 -0.929387490308732 0.056322874509645 -0.0499188886875792
-0.160999999999999 -0.855764755940467 -0.0747801499534116 -0.0306507462670205
-0.161999999999999 -0.877156315073982 0.0231593971744155 0.0427596041381542
-0.162999999999999 -0.913747665812827 -0.0215264865997193 -0.0548852607709157
-0.163999999999999 -0.794993680874778 0.0050285364349892 0.034762686253342
-0.164999999999999 -0.932688046044219 -0.0166226069558177 0.0337978137724369
-0.165999999999999 -1.05385750294021 -0.00536404451976099 -0.01891135151739
-0.166999999999999 -0.947617635289834 0.0293096438543063 0.0593353919370694
-0.167999999999999 -0.916816584111037 -0.0816448448734604 -0.0023014312672948
-0.168999999999999 -1.0687990134927 0.0360740110155299 -0.0104626246460037
-0.169999999999999 -1.02131532062681 -0.0282464782057306 -0.0174624944845541
-0.170999999999999 -1.02858348614459 0.160242690862462 0.025204271169456
-0.171999999999999 -1.31139220320702 -0.115457705772212 -0.106899370451753
-0.172999999999999 -1.15387571497083 -0.0631315175931974 -0.0290481297083252
-0.173999999999999 -0.982686845743617 0.196438787485729 0.0317845338689273
-0.174999999999999 -1.20932067151937 -0.153895776132178 -0.128954269657217
-0.175999999999999 -0.99479217305609 0.128467415931597 0.117656205021482
-0.176999999999999 -1.08594824133925 -0.101672202087246 -0.0732994702032378
-0.177999999999999 -1.0467641843122 -0.027093227583595 0.0624183620094288
-0.178999999999999 -1.0837368882662 -0.0907703305110817 -0.0958015533761983
-0.179999999999999 -0.992922337910519 0.0758502683402377 0.101280423609277
-0.180999999999999 -1.0869393559555 -0.055530582828182 -0.031778645285736
-0.181999999999999 -1.00844136650667 -0.0550103484834755 0.00954610592412134
-0.182999999999999 -1.13791127986844 0.0394464920619233 -0.0150452344687595
-0.183999999999999 -1.04972716998927 0.0514995492897278 0.0119728335339655
-0.184999999999999 -1.07705957340571 -0.0106962226640201 0.039280407482146
-0.185999999999999 -1.05335946793843 0.00350990490287694 0.0170227562567099
-0.186999999999999 -1.00864078568086 -0.0441546375829379 0.031634467408905
-0.187999999999999 -0.875316627360331 0.00366618330228314 0.0532183214145609
-0.189 -0.982318004671555 0.131399011310007 -0.0717105775901248
-0.189999999999999 -1.05520040240338 -0.0214618834947372 -0.0739997935890123
-0.190999999999999 -1.12946680524136 0.00604265091764223 -0.00192369480400155
-0.191999999999999 -1.1823393481072 -0.186826934225106 0.0260315555708956
-0.192999999999999 -1.0908034711291 0.101315856767235 0.0447679164641637
-0.193999999999999 -1.07245724954883 -0.0355254740683944 -0.169994071980269
-0.194999999999999 -0.978980725015187 0.0280106299598639 0.100007812966134
-0.196 -1.07564027995561 -0.0574877853343141 -0.0515651399234379
-0.196999999999999 -1.13529658391421 0.0261327859658265 -0.0149066548316115
-0.197999999999999 -1.1595968112066 0.0162431796646625 -0.109234292132582
-0.198999999999999 -1.10829633467794 0.123898395113141 -0.00186791656434962
-0.199999999999999 -1.25663843873585 -0.050425922981024 0.0645884607164539
