# Fix print output for fix def1
-0.000999999999999728 -0.0855168422541515 -0.0288744502487392 -0.00933716815073106
-0.00199999999999981 -0.126583433299395 0.0106050772060203 -0.00162806703672667
-0.00299999999999971 -0.222849808788817 -0.0219071983691803 0.0199406801516908
-0.00399999999999979 -0.276662481711771 0.0127875536953785 0.018563152866764
-0.00499999999999969 -0.318643452029159 0.0100983252075964 0.0224826276249461
-0.00599999999999977 -0.414576580363831 -0.0121770955228239 -0.00358652806472093
-0.00699999999999967 -0.45032520810006 0.0145178395901942 -0.0117936323110705
-0.00799999999999975 -0.539358959078365 -0.0278614660396342 -0.0146150630398201
-0.00899999999999983 -0.578216229002289 0.00324819438365102 -0.010910873424397
-0.00999999999999973 -0.656790508619386 0.0166988416733831 -0.0357133338060703
-0.0109999999999998 -0.718877908985223 -0.0231603347074476 0.0149030672429551
-0.0119999999999997 -0.761965170114665 -0.001744531580291 -0.0126150279085486
-0.0129999999999998 -0.813435298335009 -0.013057485373886 -0.0016132584766817
-0.0139999999999997 -0.888731071720458 -0.0196730788959239 -0.0189294602649949
-0.0149999999999998 -0.954492550987553 0.00579248942269786 0.0109428693799178
-0.0159999999999997 -1.01965084980582 0.0201820139894762 0.011530728966648
-0.0169999999999997 -1.05709722994154 0.0166155144770467 0.00431662425322588
-0.0179999999999998 -1.12033706364619 -0.0291946227308665 0.0291964942653614
-0.0189999999999997 -1.20027894624148 -0.0113991591780352 -0.0206874016881144
-0.0199999999999998 -1.24409177490984 0.016710685210782 -0.00460756176529192
-0.0209999999999997 -1.30889930400285 -0.0109561696253727 -0.00463552585728677
-0.0219999999999998 -1.36992521027611 0.0199131531205091 0.0208806637269653
-0.0229999999999997 -1.43681390795959 0.00374112298724763 -0.0122982458900797
-0.0239999999999998 -1.47679238656741 0.0106980203526299 0.0115349859500096
-0.0249999999999997 -1.58214599084727 -0.0206841340156516 0.0273938827347818
-0.0259999999999997 -1.6428825848866 -0.0273330797143049 0.0247071139641864
-0.0269999999999998 -1.6716894612267 0.0175545237270605 -0.000891965778913499
-0.0279999999999997 -1.75311574510686 0.0289545643529539 -0.0381244178117655
-0.0289999999999998 -1.78707884019205 -0.00412734809304725 0.0184718501123389
-0.0299999999999997 -1.86911817127972 -0.0196039253498613 -0.00584302207835831
-0.0309999999999998 -1.92256635211001 0.036979101686241 -0.0366221049409493
-0.0319999999999997 -2.00101596474464 -0.00691763312903893 -0.0276501517585727
-0.0329999999999998 -2.0528352781383 -0.0101694267330423 0.0414646356153984
-0.0339999999999998 -2.13649967028161 -0.0184056158966823 -0.00388696122771096
-0.0349999999999998 -2.17486673037162 -0.0076555679244443 -0.0178681267236901
-0.0359999999999998 -2.19558136479271 0.0294486660362551 0.026610402094335
-0.0369999999999997 -2.2794853075355 -0.0262822526335208 0.00360074204228516
-0.0379999999999998 -2.31516508083485 0.030630908418326 0.0143125794728802
-0.0389999999999997 -2.4055589519859 -0.02493012860668 -0.0120174512670696
-0.0399999999999998 -2.50117659174699 -0.0058242815690563 -0.0282338982230305
-0.0409999999999997 -2.53433593312185 0.035214458581374 0.0162958861849913
-0.0419999999999998 -2.59441617913534 -0.00814224240304912 0.0166790329952932
-0.0429999999999997 -2.66237314005962 0.00217683369218111 0.0183289500279507
-0.0439999999999998 -2.70554718017917 0.0166548786671912 -0.0130686651189928
-0.0449999999999998 -2.77543279501491 -0.00315357333968134 -0.0084189739965865
-0.0459999999999997 -2.81188870530882 0.0157041450316988 0.00709921333627511
-0.0469999999999998 -2.90621255357684 -0.0278549870375595 0.00536874638238935
-0.0479999999999997 -2.9549149403638 -0.0010110681193879 0.0109950427636429
-0.0489999999999998 -3.06548508318224 -0.013822745608171 -0.0240689891391118
-0.0499999999999997 -3.07943804246785 0.0279353947662895 0.0167262580379293
-0.0509999999999998 -3.1853705221281 -0.03199248039211 -0.0173554578092158
-0.0519999999999999 -3.20998980187053 0.0307255997401225 0.0331618903523623
-0.0529999999999998 -3.31359132647089 -0.0573767620950471 -0.0358590556657539
-0.0539999999999998 -3.31825268557368 0.0380865344412261 0.0310340351117017
-0.0549999999999997 -3.44090248233495 -0.00208112615723338 0.0203369915483181
-0.0559999999999998 -3.48587739162173 -0.0157217417198926 0.0099844588196903
-0.0569999999999997 -3.51001527960217 0.0341065334259083 0.0270192497043711
-0.0579999999999998 -3.61811703140535 -0.022140553779082 -0.0361322570234108
-0.0589999999999999 -3.64810887156732 -0.0518484757203186 0.00958424949103708
-0.0599999999999998 -3.71611865266716 0.0257427307010055 0.041220734585165
-0.0609999999999997 -3.81574854621917 -0.0276531899583864 0.000572714315026078
-0.0619999999999998 -3.83943382441516 0.045879370569963 0.0482349741814789
-0.0629999999999998 -3.9800610430965 -0.0649653775525774 -0.0415798883057751
-0.0639999999999997 -3.97276076737555 0.0570663065966903 0.035736436226716
-0.0649999999999998 -4.1205357546074 -0.0240012105634634 -0.0586821804027568
-0.0659999999999999 -4.11584924269762 0.00592205238468994 0.0236309538049352
-0.0669999999999998 -4.22502882536199 -0.00851729660736841 -0.0137990487043177
-0.0679999999999997 -4.26811730659438 0.030354003301774 0.00672910098597593
-0.0689999999999998 -4.33550928112721 -0.00160746765714786 -0.0273939064563963
-0.0699999999999999 -4.44959316652239 -0.0559919033001121 -0.0142208537996765
-0.0709999999999998 -4.40775996958415 0.0578862129548261 0.0435096495857626
-0.0719999999999998 -4.61122962337128 -0.0497464207691297 -0.0709910382243253
-0.0729999999999997 -4.60635769899602 0.0246115119860318 0.0421081289850479
-0.0739999999999998 -4.70920200328348 -0.0407066939345666 0.00355367638507909
-0.0749999999999997 -4.76904579429908 0.0167592111037355 -0.0305205754179638
-0.0759999999999998 -4.80849170418035 0.0123131328084383 0.0150625083041655
-0.0769999999999999 -4.90648812373839 -0.0581369353098342 -0.00835594870028718
-0.0779999999999998 -4.93715949911843 0.0536510821815223 0.0395918226417906
-0.0789999999999997 -5.03701300273306 -0.0164437584340874 0.0205206622672209
-0.0799999999999998 -5.08039784820541 0.0322001356995125 0.0162104444434273
-0.0809999999999998 -5.15232184030669 0.0070129092207365 0.0051374728268288
-0.0819999999999997 -5.22197670922079 -0.0447126992179874 -0.0250415883678881
-0.0829999999999998 -5.21283314437454 -0.000942153213720214 0.0144034541344398
-0.0839999999999997 -5.3607566463625 -0.0419472136953123 -0.040887813593974
-0.0849999999999998 -5.36851983203158 0.0363021976816083 0.0549381205950292
-0.0859999999999997 -5.39776144621289 0.00789456836789512 0.00692789795029017
-0.0869999999999998 -5.46078651797546 -0.00617333362683761 -0.0140423926922992
-0.0879999999999999 -5.52679839021323 0.0312845384854322 0.00707764600592648
-0.0889999999999998 -5.6189338834428 -0.0304909385530622 0.0217050823693138
-0.0899999999999998 -5.65402490218928 -0.0280813167501665 -0.0375982556907229
-0.0909999999999997 -5.68246906312958 0.107247430648436 0.0355542171555031
-0.0919999999999998 -5.85030476909467 -0.113742884537354 -0.0917415974486905
-0.0929999999999997 -5.79060644597727 -0.0309535154066928 0.0494723406437804
-0.0939999999999998 -5.77440069880097 0.0543605964424769 0.0164917382317114
-0.0949999999999999 -5.97846350049218 -0.0188447570036745 -0.0515044671063305
-0.0959999999999998 -5.86176950623206 -0.0150071061465705 0.0236028894658399
-0.0969999999999997 -5.87862619293884 0.032848997650785 0.0295678330228665
-0.0979999999999998 -6.00402769066889 -0.0107717769381413 -0.0514931625811051
-0.0989999999999998 -5.95241714851263 -0.0207133109799726 -0.0167121501004363
-0.0999999999999997 -5.9489742838732 0.0164145044664127 -0.000669761600980149
-0.101 -5.97618051186152 -0.0355225740902232 -0.0725707215864075
-0.102 -5.93716503475683 0.00609182533833267 0.0623150612683268
-0.103 -6.05605364081556 -0.0643459964174745 -0.0492277993254536
-0.104 -5.92805119230878 0.0510634779424692 -0.00224745900089994
-0.105 -5.85373238520125 0.0354395581910485 -0.00254451413508219
-0.106 -5.83791015959743 -0.0493178195942466 0.0268764835408585
-0.107 -5.7428016798345 -0.0441801446555434 -0.0729854568591993
-0.108 -5.28088937622018 -0.0392605648675815 0.0134915014172363
-0.109 -4.67526105217429 0.0415003653535149 0.00588569359551839
-0.11 -4.19980241418356 -0.0625843649800901 -0.149990182342497
-0.111 -3.38483683541766 0.0380763431674106 0.0394171276437012
-0.112 -2.49801938338826 -0.128308772447364 0.0118659967073994
-0.113 -1.53331309446987 -0.0104602942052247 0.119855726567366
-0.114 -0.935708897866914 0.00482743601347535 -0.0523431051890734
-0.115 -0.49324639259622 0.0808730303541807 0.054373453845971
-0.116 -0.385030334030879 -0.133349884043509 0.0259708357489356
-0.117 -0.298238464261738 -0.0427020124693488 0.107896119840542
-0.118 -0.43711199052114 -0.072625473258762 0.0917697649034405
-0.119 -0.803367931724453 0.000293872545124255 -0.0248725506283638
-0.12 -0.935655795672198 0.0528561309365301 0.0352408887899374
-0.121 -1.09805209375585 -0.0223558915539661 0.0107911594583095
-0.122 -1.18554035378678 -0.0835146733097018 0.00452164873626393
-0.123 -0.945298197481615 0.0343683922932196 0.0199306920978382
-0.124 -0.92472566286691 0.0465478185484624 -0.0324237253810059
-0.125 -0.877380857586796 0.0457450033713379 -0.048560686965592
-0.126 -0.860065688743348 -0.0279117724943977 0.00985965551709528
-0.127 -0.968903474994724 0.0186234703534329 0.112050888745671
-0.128 -1.28929576835196 -0.0609599930880819 -0.0966583440268657
-0.129 -1.3086451284103 0.0724155343218609 -0.00172016009612167
-0.13 -1.44104238233504 -0.0525303593352628 0.0170297401255979
-0.131 -1.5163069661286 -0.112917469722545 0.0196554740131166
-0.132 -1.48192068186993 0.0862060448871495 0.0327137314808602
-0.133 -1.49616858856252 -0.0430061085757403 -0.0776757895380972
-0.134 -1.45897157145093 0.0777955101557919 0.0597064072791347
-0.135 -1.64261894104763 -0.0714937255070351 -0.0499365305473749
-0.136 -1.65155748092115 0.026772638666593 0.0692951894495789
-0.137 -1.86446612291476 -0.0126157139930982 -0.0251359118458033
-0.138 -1.92220083893981 0.0404119888525264 0.0305254244003616
-0.139 -1.97666088973222 -0.0339386469721313 -0.0143031165750331
-0.14 -1.96080412915769 0.000671826277937631 -0.0493855762359394
-0.141 -1.98645108352598 0.0484006203401792 0.106453492702625
-0.142 -2.09943406572619 -0.0714796818311895 -0.0316137052298641
-0.143 -2.03128930792876 0.0543918204889601 0.0200182453039448
-0.144 -2.20351998287773 0.0176731645447951 0.00634233912136514
-0.145 -2.43562947084651 -0.0239316951845725 -0.106823564621376
-0.146 -2.32905329785211 0.0424705239935327 0.0717743051304438
-0.147 -2.48873476217207 -0.0452110836383917 0.0484623745783138
-0.148 -2.58989825297491 -0.032611731903479 -0.0699355854832724
-0.149 -2.4788804986552 0.0678895111487904 0.076404966414257
-0.15 -2.6522555870418 -0.0669048085313236 -0.0312083658389084
-0.151 -2.5693613653488 0.101359072719954 0.0638881079940392
-0.152 -2.70612838300203 -0.0362260771009959 -0.0341771463824901
-0.153 -2.69447236179366 0.0212150865053364 0.0292213573524308
-0.154 -2.87552827833145 -0.0304371243008488 -0.028702213346148
-0.155 -3.00433121132624 -0.0736126674656598 -0.0126897523165653
-0.156 -2.98734355735515 0.0430690454721148 0.0066675848359479
-0.157 -2.9732374868359 0.0232499905920836 -0.0850745067083299
-0.158 -3.02071809639314 -0.00722950590720881 0.0872277949348096
-0.159 -3.1872910424768 -0.0984182040903853 0.0247024764647745
-0.16 -3.07863458940423 0.0269433208216495 0.0097692892996392
-0.161 -3.01045390550105 0.135121583220643 -0.021500430748245
-0.162 -3.03946397122545 -0.0495137019448828 -0.00972958645996062
-0.163 -2.96249772821338 -0.0243605390765773 0.0633305877280817
-0.164 -2.89672010429968 -0.0204250558255374 -0.118428785298202
-0.165 -2.59114611239574 0.00991653876552102 -0.0113343250938297
-0.166 -2.35386545531277 -0.108331326387594 -0.00405588899963525
-0.167 -2.04996650103596 0.017351314944445 0.0314637408032785
-0.168 -1.95259827337648 0.0157555349375262 -0.0396839091828608
-0.169 -1.92779704296643 -0.00299816912372055 -0.020073219106693
-0.17 -1.84515305365644 0.0101011228074586 0.0917667998358219
-0.171 -2.08351655263336 -0.0240504773335298 -0.00157180526143113
-0.172 -2.27500300779625 -0.035726299185942 -0.101279150684232
-0.173 -2.2769904246439 0.0175854285514996 0.0895502685704009
-0.174 -2.32491206792871 -0.0772435257056221 -0.0255867901822506
-0.175 -2.32904180787928 0.00991834988016793 0.0358830177145865
-0.176 -2.39253568763904 0.0195411100765528 0.0161896581857305
-0.177 -2.52200858568046 0.0120653682113659 0.0217415467492227
-0.178 -2.59430379806171 0.080686441867417 -0.0435062135714078
-0.179 -2.6164129846858 0.0290163802189399 0.00479604571182266
-0.18 -2.75871621137396 -0.0121952924176362 0.0499269621991592
-0.181 -2.90888098079267 -0.0855875448861431 -0.0128505336270021
-0.182 -2.84239688576633 0.0825282320505776 -0.013781262624595
-0.183 -2.92141691988252 -0.00246576453539415 -0.100919453585713
-0.184 -2.90660118915572 0.00477836526497802 0.130274106752768
-0.185 -3.06015994419383 -0.0423058419736137 -0.00633140559957952
-0.186 -3.08281495765491 0.0570651582497406 -0.0378607310836065
-0.187 -3.19097923166655 0.0384514791158264 -0.00782774638222845
-0.188 -3.26066521470023 -0.052213530370212 -0.00811315478718804
-0.189 -3.3404933342306 0.00892335691373123 0.0715493549573209
-0.19 -3.53664255236659 -0.0962994144727007 -0.113692999705398
-0.191 -3.42283054076569 0.0675859315153934 -0.0132382464139773
-0.192 -3.39870946537662 0.001656487736156 0.0171412995619296
-0.193 -3.42529134151754 -0.0317919037686218 0.00296683398231314
-0.194 -3.37935395656653 0.0627820231796745 0.0592963550737202
-0.195 -3.65147791532001 -0.00616085603370966 -0.012370652632923
-0.196 -3.82824582896293 -0.0107203049252442 -0.0395337679827275
-0.197 -3.88016621044314 0.0685116941719483 -0.00893800240370092
-0.198 -4.04906036148735 -0.079680895523127 -0.0835241177180391
-0.199 -3.81407233595726 0.0143686580312993 0.068134700590322
-0.2 -3.73919232408853 -0.0127416667823087 0.0483465862553735
